"A = 546km^2" "0.25" "0.5" "1" "2" "4" "8" "12" "24" "48" "96" "192" "216"
0.5 0.473340798149173 0.614557263541501 0.713448865108672 0.78593306547215 0.840621556008669 0.882678074695886 0.902805676598552 0.931230830055571 0.953145430000201 0.969423441373626 0.977974605488199 0.979147869109925
1 0.461177706534821 0.598039298142331 0.69351092104349 0.763215336629898 0.815603580301247 0.855740561598616 0.874894293940647 0.901874433727353 0.923085820022693 0.938613852466998 0.946190403894785 0.947128670108793
2 0.447226872709337 0.580434777588362 0.673633971752863 0.741902740352257 0.793395647831114 0.832999112673176 0.851960656589563 0.878759643737865 0.899424233737767 0.914684744115854 0.922465746667849 0.923489778468706
5 0.427417861595391 0.556347610630516 0.647529775884478 0.715150389738083 0.766872249673637 0.807281338210115 0.826899658761289 0.855038159808339 0.875105079918007 0.890309333474084 0.899029924881973 0.900344017006483
10 0.411960305441274 0.537875645363769 0.627960297808642 0.695676607819902 0.748286617423324 0.790129553299405 0.810771678697124 0.84089215269233 0.860558316737957 0.875788871915223 0.885353999840767 0.88692418099202
20 0.396379872829941 0.51938276090238 0.60857909087879 0.676703869606188 0.730617236865083 0.774411330330284 0.79642712255972 0.829208200309826 0.848499110117963 0.863753113780482 0.8741378738307 0.875960895529906
25 0.391366106236472 0.513445183542103 0.602384536549162 0.67068772722907 0.725087534883134 0.769598184781038 0.792118480963857 0.82588143086772 0.84505545041668 0.860311892770702 0.870945447424501 0.872846818761114
30 0.387275643869977 0.508603528949023 0.597340512415037 0.665802646921904 0.720619798567938 0.765743452468893 0.788695925577298 0.823302344767774 0.842382035619006 0.85763799518356 0.868468042911023 0.870432009925543
50 0.375861464790005 0.495097974610637 0.583295239915372 0.652253445327626 0.708320907773078 0.755278795454011 0.779528895236201 0.816681437934813 0.835501854472446 0.850743217114246 0.862088334999435 0.864220171940775
100 0.375861464790005 0.495097974610637 0.583295239915372 0.652253445327626 0.708320907773078 0.755278795454011 0.779528895236201 0.816681437934813 0.835501854472446 0.850743217114246 0.862088334999435 0.864220171940775
