"A = 12km^2" "0.25" "0.5" "1" "2" "4" "8" "12" "24" "48" "96" "192" "216"
0.5 0.838622047910188 0.872780405562244 0.899110116276939 0.919839290034174 0.936358456525058 0.94962085181046 0.956153604048779 0.965602820603735 0.973151337685851 0.979092146537294 0.983164293136378 0.983760157017092
1 0.835163301327082 0.868990168249682 0.895025119267489 0.915491302836332 0.931776063050066 0.944830241626224 0.951252534325989 0.960531103592139 0.968037811353189 0.97390649749082 0.977836029359117 0.978394752029525
2 0.83095121391709 0.864741743169585 0.890781558883563 0.911279425857108 0.927613532407561 0.940728381481877 0.94718951611138 0.956537709024957 0.9640126711524 0.969878921586443 0.973858857512949 0.974433621487134
5 0.824633074216125 0.85863869325813 0.88496910862044 0.905805458469844 0.922507833257285 0.936007864102075 0.942698203891532 0.952439499822419 0.959875670255235 0.96577622728127 0.969930105678644 0.97055512396488
10 0.819452668907956 0.853745965472524 0.880438394307151 0.901686485709963 0.918834024259002 0.932800888743557 0.939770692983386 0.949995584563397 0.957401078714232 0.963332247328624 0.967637490720127 0.96830638391733
20 0.814012252610594 0.848664796940232 0.875804548105418 0.897561642017874 0.915262355394619 0.929813926049751 0.937136430567855 0.947977022768602 0.955349652543085 0.961306474836684 0.965757233392756 0.966469284041832
25 0.81221412306321 0.846994079474403 0.874292288450655 0.896230138397854 0.9141281138577 0.928889278193811 0.936338802179151 0.947402278069541 0.954763841729956 0.960727273195852 0.965222059025336 0.965947463273412
30 0.810729730161414 0.845617393576549 0.873049591099217 0.89514049627006 0.913205822398512 0.928145199185151 0.935702937000113 0.946956705843944 0.954309059483073 0.960277221930477 0.964806750033162 0.965542817692805
50 0.8065034350239 0.84170806602888 0.869535028344333 0.892078025685285 0.91063927065598 0.926108707546086 0.933989332387229 0.945812854076802 0.953138652165987 0.959116742333389 0.963737263783054 0.964501910126558
100 0.8065034350239 0.84170806602888 0.869535028344333 0.892078025685285 0.91063927065598 0.926108707546086 0.933989332387229 0.945812854076802 0.953138652165987 0.959116742333389 0.963737263783054 0.964501910126558
