"A = 27km^2" "0.25" "0.5" "1" "2" "4" "8" "12" "24" "48" "96" "192" "216"
0.5 0.787621462342543 0.837230917381433 0.874053157313462 0.902282243632955 0.924345794506253 0.9418017682117 0.950319031237017 0.962544884236373 0.972153670380773 0.979509901971419 0.983878929973209 0.984499058645265
1 0.780793662402105 0.829599611021594 0.865729193573397 0.893353580381554 0.914887027675375 0.931878476097037 0.940151652322757 0.952003657600906 0.961502737351327 0.968693539943063 0.972763256200363 0.973306051754632
2 0.77258387921631 0.821136893877694 0.857157371683555 0.88476309047378 0.906336881783057 0.92340729759414 0.931738753868952 0.943703652478132 0.953118797204407 0.960292717078268 0.964466192348304 0.965042563432984
5 0.760412682960426 0.809105490092405 0.845521169062776 0.873680730305206 0.895908639291847 0.913694600473892 0.922461732867062 0.935185797103957 0.944501863090463 0.951735210293926 0.956270140960802 0.956951459482306
10 0.750538804033938 0.799551357318085 0.836526147189002 0.86540027661362 0.888447108988551 0.907121906657758 0.916431159390944 0.930106281712164 0.939347551356484 0.946637493167111 0.951487352226808 0.952260264147416
20 0.7402611869877 0.78970738679999 0.82738967111475 0.857156547482226 0.881227412394002 0.901021109115397 0.911018014798044 0.925910835217813 0.935074648208575 0.94241208406913 0.94756481236509 0.948427809446814
25 0.736883964340951 0.786487237194388 0.824421305304823 0.854505584685757 0.878941793567627 0.899136874010225 0.909381746693751 0.924716266570453 0.933854466413734 0.941203970180491 0.946448346677857 0.947339216233416
30 0.734103162062187 0.783839826651125 0.821986859203515 0.852339777774936 0.877085802230849 0.897622132317481 0.908078307290161 0.923790174321665 0.93290720322598 0.940265241513357 0.945581940759361 0.946495067323409
50 0.726220611178562 0.776351200676331 0.815124924054708 0.846269967936578 0.871932845369672 0.893483515232743 0.904570192991679 0.921412754468143 0.930469368913516 0.937844682903215 0.943350808676246 0.944323584352691
100 0.726220611178562 0.776351200676331 0.815124924054708 0.846269967936578 0.871932845369672 0.893483515232743 0.904570192991679 0.921412754468143 0.930469368913516 0.937844682903215 0.943350808676246 0.944323584352691
