"A = 18km^2" "0.25" "0.5" "1" "2" "4" "8" "12" "24" "48" "96" "192" "216"
0.5 0.814461957749589 0.855978042229866 0.887305871980202 0.911608946689881 0.930771240928012 0.946033718341404 0.953513342066324 0.964287936226223 0.972816573365665 0.979425735522785 0.983613396699363 0.984216450139076
1 0.80925427991261 0.85021919954491 0.881064593114053 0.904941909158365 0.923727851072855 0.938658275486924 0.945962578475112 0.956467479386312 0.964923621603041 0.97141615970669 0.975383142264219 0.975928923862385
2 0.80295256342988 0.843798660984776 0.874609323480281 0.898505519114648 0.917345454834089 0.932352665016363 0.93970886274195 0.95030976794737 0.958710641484077 0.965195303981192 0.969239839756197 0.969810471754568
5 0.793555251232581 0.83462309326203 0.865807002614946 0.890171346799991 0.909539044546716 0.92510948072172 0.932804369004249 0.943990435043721 0.952324999483039 0.958858422947972 0.963171328781411 0.963819656484473
10 0.785891090077731 0.827302096429131 0.858974258409502 0.883922263067472 0.903937722948838 0.920198315561872 0.928309990227683 0.940221980739216 0.948505359102863 0.955083535263075 0.959630061828573 0.960346201586528
20 0.77787807224136 0.819729189703046 0.852010096099143 0.877682622635336 0.898505053585778 0.915631920031243 0.924270787092632 0.93710941050732 0.94533889299707 0.95195459649091 0.956725739359809 0.957508575437825
25 0.775237363681714 0.817245583785472 0.84974242981958 0.875672297336615 0.896782499388783 0.914219963389196 0.923048792800619 0.936223169003171 0.944434668360441 0.951059981484482 0.955899087115257 0.956702559239603
30 0.773060217110507 0.81520140026832 0.847880817710565 0.874028513229266 0.895382782377224 0.913084313181963 0.922074992898334 0.93553610812194 0.943732692052189 0.950364847722276 0.955257583838077 0.956077534495003
50 0.766875245981884 0.809407897030314 0.842624716250605 0.869415170982061 0.891492140173326 0.909978788853147 0.919452379849523 0.933772318195229 0.941926117118298 0.948572410703765 0.953605611578212 0.954469725051566
100 0.766875245981884 0.809407897030314 0.842624716250605 0.869415170982061 0.891492140173326 0.909978788853147 0.919452379849523 0.933772318195229 0.941926117118298 0.948572410703765 0.953605611578212 0.954469725051566
