"A = 170km^2" "0.25" "0.5" "1" "2" "4" "8" "12" "24" "48" "96" "192" "216"
0.5 0.623959682816617 0.721775330134511 0.79127838653329 0.842823182199964 0.882086906637458 0.912522273390585 0.927169216385771 0.947953226882396 0.964024634252243 0.975999747934385 0.9822218705098 0.983074275017431
1 0.612069458391644 0.707359689159902 0.774815738174034 0.824654032736208 0.86247562479607 0.891685523326879 0.905702509072165 0.925540606428206 0.941222573993334 0.952734309458155 0.958274211750775 0.958956302785505
2 0.598179553697179 0.691757231464802 0.758195758803133 0.807440927433779 0.84494404474081 0.87401847652919 0.88801613953122 0.907893242319869 0.923273807635622 0.934664571500215 0.94039897918356 0.941150668979708
5 0.578125211057354 0.670090292243146 0.736087153802437 0.785603857879496 0.823834498645794 0.853932159413031 0.868621025050997 0.889782687809758 0.904826235918665 0.916257814489025 0.922741368335101 0.923716477942857
10 0.562240205614138 0.653249123468961 0.719315207870821 0.769546464355713 0.808922113175667 0.840460080187189 0.8560904421335 0.878982687534227 0.893791622666805 0.90529288710658 0.91243730626394 0.913608191588087
20 0.546030427039824 0.636201520371989 0.702541974471974 0.753770825821741 0.794647714167217 0.828052528179185 0.844905651017447 0.870062383174452 0.884643973837379 0.896204249434483 0.903986568324279 0.905350264388328
25 0.540772251737191 0.630688660673117 0.697147060080504 0.748741259715682 0.790160462749668 0.824240460499818 0.841537801375069 0.867522506685155 0.882031746463884 0.893605658588991 0.90158124950687 0.903004633661114
30 0.536467289235919 0.626179200231898 0.692742024979555 0.744647596398244 0.786527892258777 0.821182981735301 0.83885961648915 0.86555346126042 0.880003797153856 0.891586501501438 0.899714660606643 0.901185715816241
50 0.524382538666261 0.613533021679596 0.680418526985749 0.733247864077759 0.776494976505169 0.8128619249971 0.831672759707934 0.860498621754555 0.874784757212437 0.886380004411683 0.894907899373395 0.896506743802589
100 0.524382538666261 0.613533021679596 0.680418526985749 0.733247864077759 0.776494976505169 0.8128619249971 0.831672759707934 0.860498621754555 0.874784757212437 0.886380004411683 0.894907899373395 0.896506743802589
