"A = 17km^2" "0.25" "0.5" "1" "2" "4" "8" "12" "24" "48" "96" "192" "216"
0.5 0.818024134451126 0.858460088301295 0.889054385728601 0.912833111948708 0.931607751879636 0.946577000695757 0.953917852542706 0.964498271170052 0.972882905934497 0.979393258958898 0.983560796598164 0.984162260270203
1 0.813055671058156 0.852973290218044 0.88311289203117 0.90648972414824 0.924908690798842 0.939563831009737 0.946738724783773 0.957063697391915 0.965380537869865 0.971780785043611 0.975738669825578 0.976285693278407
2 0.807038027393601 0.846851435466871 0.876963899306437 0.900362848499582 0.91883621449829 0.933566677692686 0.940792013810856 0.951209824538393 0.959475007843515 0.96586834935058 0.969900005735815 0.970470641077746
5 0.798056915885488 0.838096305561181 0.868573917111521 0.892425314379865 0.911405905993347 0.926676011334505 0.934225341264335 0.945202305072136 0.953405360129763 0.959845640698178 0.964132424363978 0.964776896498848
10 0.790726699875206 0.831106083724278 0.862057424031136 0.886470674421048 0.906072332483608 0.92200257618975 0.929950046900598 0.941619796769885 0.949774735128061 0.956257905879978 0.960766764254811 0.961475682206039
20 0.783058018506914 0.823871302090675 0.855412361901927 0.880522572378386 0.900897616677714 0.917656170187699 0.926107073093512 0.938660809398384 0.946764961990673 0.953284094865196 0.958006463377339 0.958778767383482
25 0.78052975191296 0.82149772688402 0.853247917169495 0.878605661837165 0.899256493256176 0.916312017916375 0.924944305740155 0.937818297511582 0.94590548302246 0.952433833433501 0.95722080374741 0.958012719666732
30 0.778444930465483 0.819543793462038 0.851470796473995 0.877038075662389 0.897922817637903 0.915230826353399 0.924017654098427 0.93716513812254 0.945238244098981 0.951773163286426 0.956611111787257 0.957418688455487
50 0.772520400771121 0.814004555152586 0.846452060205256 0.87263770536736 0.894215141071217 0.912273865051868 0.921521791651545 0.935488378489734 0.943521067750004 0.950069592415571 0.955041058693117 0.955890606568507
100 0.772520400771121 0.814004555152586 0.846452060205256 0.87263770536736 0.894215141071217 0.912273865051868 0.921521791651545 0.935488378489734 0.943521067750004 0.950069592415571 0.955041058693117 0.955890606568507
