"A = 14.2km^2" "0.25" "0.5" "1" "2" "4" "8" "12" "24" "48" "96" "192" "216"
0.5 0.828900566322663 0.866028785954632 0.894376332412571 0.916548682163568 0.934135437365582 0.94820591363189 0.955121318728551 0.965106289781646 0.973050186769156 0.979259398544677 0.983371915635315 0.983969625716262
1 0.824701367335622 0.861410544442068 0.889387928237892 0.911231510135432 0.928526235080577 0.942338032394778 0.949116476462426 0.95889023234782 0.966780317020164 0.972899409884313 0.976836935121001 0.977389132537837
2 0.819601045120376 0.856245514922569 0.88421528701107 0.906088060033581 0.923436152432895 0.937316907011632 0.944140377432252 0.953995801146556 0.961844954779203 0.967959751058382 0.971959034625966 0.972530935892205
5 0.811969164866151 0.848841722366983 0.877143435768839 0.899413631934071 0.917200069688438 0.931542929997021 0.938642524255853 0.948972905799562 0.956772436307749 0.96292796255438 0.967140520048606 0.967774085934583
10 0.805725426443023 0.842917931275107 0.871640568685254 0.894398708751442 0.912718131996135 0.927623455787199 0.935060945017116 0.945977565645774 0.953738254877032 0.959930520065371 0.964328685892671 0.965016080047377
20 0.799180455276768 0.836776108113092 0.866020518103664 0.889382759095759 0.908365098330121 0.923975473838232 0.931839778037883 0.943503552205849 0.951222930997577 0.957445992099489 0.962022597922946 0.962762937325287
25 0.797019873428241 0.834758803841616 0.864188119109618 0.887764887369004 0.906983613055906 0.922846738123314 0.930864783781664 0.942799126850298 0.950504648298531 0.956735624730864 0.961366220121648 0.962122941273749
30 0.795237226400323 0.833097314464187 0.862682965701966 0.886441354340563 0.905860596153365 0.921938616801468 0.930087645166495 0.942253019380402 0.949947024211626 0.956183655070226 0.960856854165921 0.961626656745547
50 0.790166426853293 0.82838306057427 0.858429110987615 0.882723722198721 0.902736961833603 0.919454039260211 0.927993882593102 0.940851078328865 0.948511947719593 0.95476037381615 0.959545156378996 0.960350017767701
100 0.790166426853293 0.82838306057427 0.858429110987615 0.882723722198721 0.902736961833603 0.919454039260211 0.927993882593102 0.940851078328865 0.948511947719593 0.95476037381615 0.959545156378996 0.960350017767701
