"A = 25km^2" "0.25" "0.5" "1" "2" "4" "8" "12" "24" "48" "96" "192" "216"
0.5 0.792934437120296 0.840947769631017 0.876686686600797 0.904141888609415 0.925633717096089 0.942657578334799 0.950970487001832 0.962910611096546 0.972306226387099 0.979514244346271 0.9838434790556 0.984459560580454
1 0.786403277385816 0.833663751678263 0.868751815518009 0.895637651087982 0.916629562438738 0.933214781053528 0.941296991435707 0.952883481152268 0.962176996915403 0.969229213039997 0.973274132775254 0.973816687794593
2 0.778540684158306 0.825577945847415 0.860573891681786 0.887450224831343 0.90848657575919 0.925151490947503 0.933291315331653 0.944988268120398 0.954203718575342 0.961241062686268 0.965384863734564 0.965959348311638
5 0.766871249508019 0.81407106496578 0.849462966880101 0.876880431959212 0.898549587497016 0.915903202650942 0.924461295805869 0.936885829415964 0.946008858769039 0.953103925176459 0.957591642467344 0.958265920541455
10 0.757394888793148 0.804925223270766 0.840867213293402 0.868977666906604 0.891435755804146 0.909642449784024 0.918719822851976 0.932054042504553 0.941107015317597 0.948256622534187 0.953043924411891 0.95380529654196
20 0.74752275180796 0.795494882267799 0.83213057545352 0.861105572981169 0.884549384310893 0.903829301878885 0.913564974093936 0.92806320836087 0.937043407333597 0.944238777648761 0.94931417460597 0.95016120624213
25 0.744276991295959 0.792408538730245 0.82929090975105 0.858573203701849 0.882368646853098 0.902033515465682 0.912006531604635 0.926926898947491 0.935882992432578 0.943090009778971 0.948252582416451 0.949126117172772
30 0.741603786275992 0.789870590974456 0.8269615801847 0.856503958985735 0.880597593887696 0.900589739197742 0.910764998388049 0.92604597231152 0.934982128050807 0.94219739415606 0.947428759735159 0.948323458016987
50 0.73402308638931 0.782688967143311 0.820393849579786 0.850703212065459 0.875679383683307 0.896644371087993 0.907423088596879 0.923784499465166 0.932663703637034 0.939895740326545 0.945307286213577 0.946258703010594
100 0.73402308638931 0.782688967143311 0.820393849579786 0.850703212065459 0.875679383683307 0.896644371087993 0.907423088596879 0.923784499465166 0.932663703637034 0.939895740326545 0.945307286213577 0.946258703010594
