"A = 900km^2" "0.25" "0.5" "1" "2" "4" "8" "12" "24" "48" "96" "192" "216"
0.5 0.394236361401538 0.558037137544883 0.672214987178777 0.755585486230792 0.818289043512239 0.866380751459262 0.889353226770344 0.921742757175336 0.946703397859524 0.965252227730623 0.975160766676653 0.976525614180601
1 0.382979848469356 0.541385304035584 0.651375665326892 0.73137546215878 0.791312700001028 0.837112512147229 0.858928302397314 0.889609720838539 0.913686662710832 0.931328963719015 0.940117041066664 0.941216518133227
2 0.370169714146078 0.523754843484465 0.630711698524534 0.708757944648423 0.76743850395041 0.812449004948033 0.833958508303776 0.864308645790178 0.88769735918521 0.904981534591727 0.913959379827059 0.915148786228261
5 0.352109522167619 0.49978463390532 0.603722376771797 0.680496280909306 0.739024313423044 0.784621400027232 0.806713577733776 0.838343493373378 0.860985799677016 0.878142699023419 0.888120174595017 0.889624852461825
10 0.338106071954951 0.481507547716938 0.583591613154998 0.660012645610205 0.719182771844208 0.766107510507203 0.789209488519555 0.82285950291361 0.845007993326708 0.862154772260603 0.873041760144421 0.874826160003656
20 0.324064716491725 0.463295398567267 0.563737061844239 0.640127185883447 0.700374495435835 0.749177150881262 0.773664814554998 0.810070437720907 0.831762457826626 0.848902657731516 0.86067540130578 0.862736422863047
25 0.319561462147345 0.457465672789858 0.557408215554503 0.633836206671522 0.694499635957507 0.744000254849458 0.769000644149116 0.806429009727765 0.827980026837516 0.845113660442691 0.857155586133449 0.859302382063828
30 0.315892933201357 0.452718268028639 0.552260871907262 0.628733112019939 0.689756993591733 0.739856817076329 0.765297427235484 0.803605983820949 0.825043613877287 0.842169533727352 0.85442411956695 0.856639457325823
50 0.305681819360356 0.439505392138885 0.537956295474778 0.614603362368078 0.676719772066426 0.728620450047939 0.755386720741792 0.796358846349869 0.81748659238363 0.834577956395513 0.84739016174144 0.849789367664706
100 0.305681819360356 0.439505392138885 0.537956295474778 0.614603362368078 0.676719772066426 0.728620450047939 0.755386720741792 0.796358846349869 0.81748659238363 0.834577956395513 0.84739016174144 0.849789367664706
