"A = 6.4km^2" "0.25" "0.5" "1" "2" "4" "8" "12" "24" "48" "96" "192" "216"
0.5 0.871351918577909 0.895401163928843 0.914857452259011 0.930666719824647 0.943543100513178 0.954045417291328 0.959270019999849 0.966885973766613 0.973091441500931 0.978134918551875 0.982143976132473 0.982746095702292
1 0.870815269681597 0.894819857898721 0.914235425541607 0.930007738773819 0.942850761477761 0.95332314214776 0.958531749375266 0.966122831634398 0.972323075263628 0.977356401149621 0.981344012095677 0.981940526074913
2 0.87015525455471 0.894162848710651 0.913584861595811 0.929366009724225 0.942219467069831 0.952703270285033 0.957918820494445 0.965521944866109 0.971718251580421 0.976751744355003 0.980746895553011 0.981345796233936
5 0.869156170332857 0.893211378705237 0.912687559610028 0.928527187526448 0.94144172212083 0.951987850833375 0.957239996212972 0.964905286621585 0.971096619538992 0.976135810094108 0.980157048595669 0.980763473033538
10 0.868330175562119 0.892442934244808 0.911983586414217 0.927892536883001 0.940879648576897 0.951500338860884 0.956796599198237 0.964537550271655 0.970724783653632 0.975768897310993 0.979812844630981 0.980425843966138
20 0.86745666482617 0.891639953445507 0.91125970694023 0.927254076580502 0.940331185098201 0.951045064068016 0.956396856169532 0.964233816930744 0.970416533239791 0.975464769684182 0.979530550378164 0.980150019146653
25 0.867166642234464 0.89137486569507 0.911022641895531 0.927047369692219 0.940156591587485 0.950903877896484 0.956275659127471 0.96414733499689 0.970328508416807 0.975377814598568 0.97945020145678 0.980071672225414
30 0.866926738707463 0.891156042343595 0.910827534038444 0.926877990177884 0.940014473709224 0.950790174207735 0.956178985057285 0.964080289667366 0.9702601721453 0.97531024875698 0.979387848639467 0.980010918155527
50 0.866241325884348 0.890532763308797 0.910274284577117 0.926400890828735 0.939618280053557 0.950478560990788 0.955918195401987 0.963908174094963 0.970084304963274 0.975136026870154 0.979227280286679 0.979854634795329
100 0.866241325884348 0.890532763308797 0.910274284577117 0.926400890828735 0.939618280053557 0.950478560990788 0.955918195401987 0.963908174094963 0.970084304963274 0.975136026870154 0.979227280286679 0.979854634795329
