"A = 6.1km^2" "0.25" "0.5" "1" "2" "4" "8" "12" "24" "48" "96" "192" "216"
0.5 0.873635101060324 0.896971756285114 0.91594320462147 0.931405160531511 0.94402416182582 0.954331277371765 0.959463284429668 0.966949355794974 0.973060337145687 0.978041643468322 0.982051191722998 0.982654585067217
1 0.873330684108156 0.896642264261553 0.91559080320435 0.931031941757965 0.943632133656649 0.95392235631408 0.959045332310349 0.966517354406521 0.972625420832735 0.977601008048348 0.981598413599872 0.982198632542367
2 0.872956004766745 0.896269626507925 0.915222043622567 0.930668347301326 0.943274567615278 0.953571349288796 0.958698300209729 0.966177202936375 0.972283074079955 0.97725877651972 0.981260446772565 0.981862015366916
5 0.87238844644123 0.895729645579402 0.914713155025784 0.930192874335766 0.942833903972761 0.953166148670589 0.958313903404746 0.965828123509897 0.971931213336541 0.976910162023833 0.980926594516723 0.981532420351815
10 0.871918918562829 0.895293288873959 0.914313711794154 0.929832982209215 0.942515331791659 0.952889966715889 0.958062781472665 0.965619954406072 0.97172074405193 0.976702491947591 0.980731775727458 0.981341322251152
20 0.871422115628018 0.89483710525974 0.913902804414789 0.929470803469754 0.942204386041614 0.952631995228357 0.957836350446061 0.965448016284123 0.971546265883909 0.976530357831927 0.980571997717347 0.981185205363689
25 0.871257109808178 0.894686459143244 0.913768199380106 0.929353518502148 0.942105383830211 0.95255198432691 0.957767692548268 0.965399060376798 0.971496441425726 0.97648114185993 0.980526520380684 0.98114086099501
30 0.871120597623502 0.894562087555323 0.913657404488926 0.92925740343696 0.94202479024073 0.952487544038726 0.957712924429701 0.965361107190595 0.97145776122636 0.976442900064824 0.980491228804694 0.981106474182724
50 0.870730473631949 0.894207754650543 0.913343170337119 0.928986625751657 0.941800082171046 0.952310922823158 0.957565169719556 0.965263675581051 0.971358215589575 0.976344291691976 0.980400347422451 0.981018017778395
100 0.870730473631949 0.894207754650543 0.913343170337119 0.928986625751657 0.941800082171046 0.952310922823158 0.957565169719556 0.965263675581051 0.971358215589575 0.976344291691976 0.980400347422451 0.981018017778395
