"A = 10km^2" "0.25" "0.5" "1" "2" "4" "8" "12" "24" "48" "96" "192" "216"
0.5 0.848679094931508 0.879750478116411 0.903982140551248 0.923210251693516 0.938618579227428 0.951039795168369 0.957174070336869 0.966065154212986 0.973203068193946 0.978867042831087 0.982907054120431 0.983502657212844
1 0.846043578545862 0.876872879831327 0.900887725663907 0.919921432630512 0.935155842472328 0.947422107274341 0.953474007117722 0.962237588648639 0.969345589337215 0.974956223851227 0.978888685901241 0.979456244525986
2 0.84282482910735 0.873639644366435 0.897666875131964 0.916730688453674 0.9320069158188 0.944322448898697 0.950405326609354 0.95922382043262 0.966309153772045 0.971918779521982 0.975889258392209 0.976468889625811
5 0.837983935064813 0.868984081584488 0.893246338963214 0.912576931796833 0.928139565362373 0.940752309611156 0.94701130339988 0.956130949836082 0.963188334115918 0.968824683756257 0.972926347363024 0.97354385384261
10 0.834005221269442 0.865243775201713 0.88979413210224 0.909446405908882 0.925353287516005 0.938324728713663 0.94479767798875 0.954286555547871 0.961321582303672 0.966981527171701 0.971197346796749 0.971847927760807
20 0.829818391519342 0.86135246895574 0.886257840443784 0.906307271518289 0.922641578674817 0.936061946385401 0.942804689384014 0.952763170548747 0.959774052758199 0.965453766723711 0.969779330233746 0.970462447212653
25 0.828432768427862 0.860071496600127 0.885102601118137 0.905293085742738 0.921779829627832 0.935361115220146 0.942201002536894 0.952329417440404 0.959332136030157 0.965016954909061 0.9693757226498 0.970068907082412
30 0.827288240506232 0.859015421245226 0.884152861870417 0.904462809591671 0.921078897024172 0.934797017055102 0.941719664968847 0.951993149288371 0.958989063014073 0.964677543388002 0.969062512845433 0.969763736640509
50 0.824026331050669 0.856013881148565 0.88146479386539 0.902127800238596 0.919127330422061 0.933252524058154 0.940422122542762 0.951129897725909 0.958106145593548 0.963802353880699 0.968255948129805 0.968978718251092
100 0.824026331050669 0.856013881148565 0.88146479386539 0.902127800238596 0.919127330422061 0.933252524058154 0.940422122542762 0.951129897725909 0.958106145593548 0.963802353880699 0.968255948129805 0.968978718251092
