"A = 950km^2" "0.25" "0.5" "1" "2" "4" "8" "12" "24" "48" "96" "192" "216"
0.5 0.385078868002556 0.55148703450403 0.667429499300579 0.752056530836694 0.815685083704157 0.8644731897623 0.887773891574772 0.920620752054312 0.945933245919896 0.964745318592293 0.974815494586041 0.976203295111705
1 0.373964662206764 0.534853842407 0.646518023597254 0.727704742703851 0.788512280452382 0.834964942639987 0.857087633212876 0.888195760483547 0.912603063287855 0.930490216612802 0.939423212720446 0.940542231644309
2 0.361327203950473 0.517255687204865 0.625794589276675 0.704965107662953 0.764472064422516 0.810104157332387 0.831906536812318 0.862664804224834 0.886367027862563 0.903885056468312 0.913005378902202 0.914214651899224
5 0.343524168467543 0.493345791527108 0.598743646427571 0.676564808613362 0.735871074252733 0.782060911869866 0.804435531552779 0.836463736905084 0.859401879649535 0.876783682936314 0.88690916855821 0.888436290970321
10 0.329729594940902 0.475125990214073 0.578577967311165 0.655990321112825 0.715906592804539 0.76340845535646 0.786789396480714 0.820839061574766 0.843272386490479 0.860639361991446 0.871680779309276 0.873490082484066
20 0.315905450888065 0.456980105671178 0.558697886065041 0.636024370539043 0.69698776615966 0.746355315262255 0.771121174944764 0.807933797138348 0.829901103252184 0.847257615043911 0.859191420656625 0.861279832669204
25 0.311473471586824 0.451173490704027 0.552362735857798 0.629709507205462 0.691079600260389 0.741141684893016 0.766420473956201 0.804259283757615 0.826082763398399 0.843431553716667 0.855636596261515 0.857811560733658
30 0.307863580912021 0.4464455820113 0.547210915752925 0.624587596570143 0.68631050142925 0.736969130927159 0.762688443974389 0.801410608323612 0.823118473325297 0.840458627501784 0.852877961643041 0.855122091482917
50 0.297818395993177 0.433290154860374 0.53289695926843 0.610408360963432 0.673202556069331 0.725655118969121 0.752701505403376 0.794097624609625 0.815489708536666 0.832792789226366 0.845774041792688 0.848203718896015
100 0.297818395993177 0.433290154860374 0.53289695926843 0.610408360963432 0.673202556069331 0.725655118969121 0.752701505403376 0.794097624609625 0.815489708536666 0.832792789226366 0.845774041792688 0.848203718896015
