"A = 7.6km^2" "0.25" "0.5" "1" "2" "4" "8" "12" "24" "48" "96" "192" "216"
0.5 0.862936534655509 0.889603192796839 0.910839936555094 0.927924289733514 0.941745312904963 0.952963831395151 0.958528074052622 0.966620290927292 0.973173040936648 0.978446190731137 0.982459439638983 0.98305789123151
1 0.861578472297226 0.888127840015811 0.909258373363693 0.92624678576936 0.939981502073836 0.95112278113142 0.956645832899103 0.964674113335277 0.971212838822103 0.976459645669884 0.980418221971855 0.981002394812511
2 0.85991271429948 0.886464132664813 0.907607312336432 0.924615553089048 0.938374876855658 0.949543756182552 0.955083780045986 0.963141722035654 0.969669855014133 0.974916741213767 0.978894597433549 0.979484878490083
5 0.857397484853528 0.884060091570212 0.905334383266336 0.922486665155271 0.936397914820472 0.947722772419545 0.953354688146537 0.961569110058461 0.968083990900223 0.973345060014995 0.977389522236602 0.977999019028111
10 0.855322730066673 0.882122421843076 0.903554323509542 0.920878364339476 0.934970874124457 0.946482919247023 0.952225920023673 0.960631302782737 0.967135389239501 0.972408807626679 0.976511238736971 0.977137522621836
20 0.853132806029252 0.880101087590938 0.901726621532874 0.919262426713711 0.933579789660352 0.945325893046464 0.95120881280548 0.959856717031176 0.966349002379062 0.971632764299601 0.975790926335818 0.976433726314907
25 0.852406614703453 0.879434519692554 0.901128635044294 0.918739677082344 0.933137254352945 0.944967259551194 0.950900549177908 0.959636169383923 0.966124439617493 0.971410880761252 0.975585905071962 0.976233815828498
30 0.851806249913728 0.87888455263615 0.900636691186785 0.918311478529501 0.932777137604633 0.944678497288865 0.950654698721305 0.959465189284068 0.965950104909113 0.971238472811827 0.975426803329335 0.976078795369869
50 0.850092617431325 0.87731937738401 0.899242734519281 0.917106080873811 0.931773701683037 0.943887410894484 0.949991669550183 0.959026257326171 0.965501444875199 0.970793910329557 0.975017091213018 0.975680021786163
100 0.850092617431325 0.87731937738401 0.899242734519281 0.917106080873811 0.931773701683037 0.943887410894484 0.949991669550183 0.959026257326171 0.965501444875199 0.970793910329557 0.975017091213018 0.975680021786163
