"A = 14km^2" "0.25" "0.5" "1" "2" "4" "8" "12" "24" "48" "96" "192" "216"
0.5 0.829736324690685 0.86660973789661 0.894784181659778 0.916832744680564 0.934327943616161 0.94832913151504 0.955211731537594 0.96515077972998 0.973060741217049 0.979246849077455 0.983355557162253 0.983953050567954
1 0.825598758997661 0.862060700638036 0.889871468683799 0.911596901702128 0.928804995061787 0.942551806232978 0.949299700760912 0.959030981101763 0.966888180913249 0.972985711667936 0.976922157151416 0.977474842433153
2 0.820572177230131 0.856972115921805 0.884776535327208 0.906531520458802 0.923792754367218 0.937607910020807 0.944400350800727 0.954212342652833 0.962029416333916 0.968122828364694 0.97212007931371 0.97269216001455
5 0.81304909507748 0.849676576199568 0.877809831428442 0.899957548216709 0.917651430660189 0.931922372388477 0.938987062551062 0.949267229390697 0.957035624212123 0.963169247325229 0.967376464292011 0.968009248984032
10 0.806893218291003 0.843838426305388 0.872387993030125 0.89501749395182 0.913237162704442 0.928062667774682 0.935460406307502 0.946318273600095 0.954048533793414 0.960218393117301 0.964608337615942 0.965294112642442
20 0.800439340283289 0.837784557340278 0.866850026807751 0.89007592082961 0.90894949616785 0.924470099702798 0.932288498905224 0.943882571514487 0.951572248168497 0.957772481367626 0.962338095748055 0.963075992037292
25 0.798308612346695 0.835795962569968 0.865044249360762 0.888481932576871 0.907588681942801 0.923358465149813 0.931328386249927 0.943189054543242 0.950865113339142 0.957073155009717 0.961691920760274 0.962445943876023
30 0.796550517643268 0.834158053573584 0.863560911921587 0.887177899764116 0.906482442334402 0.922464086713475 0.930563099210138 0.942651403824808 0.950316143672933 0.956529764435347 0.961190472448697 0.961957373432957
50 0.791549170574714 0.829510389007739 0.859368466250343 0.883514859049241 0.90340534936904 0.920017035506367 0.928501220409065 0.9412711725423 0.948903339812205 0.955128604782391 0.959899163845996 0.960700578115761
100 0.791549170574714 0.829510389007739 0.859368466250343 0.883514859049241 0.90340534936904 0.920017035506367 0.928501220409065 0.9412711725423 0.948903339812205 0.955128604782391 0.959899163845996 0.960700578115761
