"A = 310km^2" "0.25" "0.5" "1" "2" "4" "8" "12" "24" "48" "96" "192" "216"
0.5 0.55187158909594 0.670537593203982 0.754161885022341 0.815770129916921 0.862448627502778 0.89847170325252 0.915754418995286 0.940214006105057 0.959090524782066 0.97312092918731 0.980407553048746 0.981404894969385
1 0.53947107390684 0.654762488309232 0.73569763992231 0.795094099689614 0.839924128998918 0.874391362978631 0.890879786028093 0.914154126492241 0.932496457278112 0.945928161415436 0.952389141058464 0.953183762946222
2 0.525121003042715 0.637823556435657 0.717177240502492 0.775604545588872 0.819861163461189 0.85401943899403 0.870414325509284 0.893634964750901 0.911562791692206 0.924808155940752 0.931475379277823 0.932348879417982
5 0.504579696146149 0.614479808189277 0.692702858683784 0.751014290867395 0.795804700465343 0.830921494100585 0.848012244966639 0.87257723652945 0.890047368877151 0.903294240810806 0.910816231738828 0.911948631742237
10 0.488434175393685 0.596460852319892 0.674249394995009 0.733026357985693 0.778881296233412 0.815474558359277 0.833568038093668 0.860019726461674 0.877177687525207 0.890478375584328 0.898760629177079 0.900120635549079
20 0.472063161794783 0.578324829609459 0.655887056230277 0.715430067124389 0.762738796113077 0.801284516686077 0.820698793150517 0.849647799707256 0.866508774816884 0.879855527713545 0.888873388858602 0.890457797749077
25 0.466774608853082 0.572481649591828 0.650000213404882 0.709835705613305 0.757675965460551 0.796932276935352 0.81682865238135 0.846694603061742 0.863462131210228 0.876818280963703 0.886059200871698 0.887713107864135
30 0.462452645587507 0.567709741804521 0.645200351598179 0.705287899023503 0.753581564073011 0.793444187090988 0.813752775540931 0.844405130180798 0.861096931739955 0.874458279460492 0.883875319042192 0.885584739851027
50 0.450357689327302 0.55436444111167 0.631804705255639 0.692649659388393 0.742292329030128 0.783963387999755 0.805506732294342 0.838527704591309 0.855009959820228 0.868372898073363 0.878251478401765 0.88010974030877
100 0.450357689327302 0.55436444111167 0.631804705255639 0.692649659388393 0.742292329030128 0.783963387999755 0.805506732294342 0.838527704591309 0.855009959820228 0.868372898073363 0.878251478401765 0.88010974030877
