"A = 30km^2" "0.25" "0.5" "1" "2" "4" "8" "12" "24" "48" "96" "192" "216"
0.5 0.780175132130992 0.832017105043869 0.870354416079459 0.899665660738714 0.92252855383932 0.940588573335367 0.949391458277527 0.962016605816276 0.971923671801894 0.979487883247794 0.983915637596649 0.984541945015592
1 0.772950041386794 0.823916943110089 0.861502824905503 0.890159887936456 0.912450535629216 0.93000999320293 0.938550186631782 0.95077344794886 0.960559956696698 0.967945264767378 0.97205310667712 0.97259686826947
2 0.76427690806504 0.814946778635997 0.852398009389197 0.88102223061066 0.903346416859188 0.920982934226913 0.929581885897983 0.941920752610565 0.951614946243134 0.958980375001699 0.963198566817667 0.963778147513085
5 0.75143831684219 0.802211122620433 0.840052637164608 0.86924530235235 0.892250685952461 0.910637880555905 0.919695555552742 0.932835700559655 0.942421349392943 0.949848280893137 0.954451826405061 0.955143393814096
10 0.741037349273598 0.792110197568186 0.830519716372586 0.860453944645765 0.88431736451521 0.903640830459786 0.913271157959311 0.927417944598717 0.936922100646718 0.944408281403322 0.949347684236265 0.950136992151535
20 0.730223524168932 0.781713483890615 0.820845538142786 0.851708238954788 0.8766459046767 0.897149042773605 0.907506356994983 0.922943126924124 0.932363246139729 0.93989916040554 0.945161590676522 0.946047030805846
25 0.726672765442443 0.778314781832474 0.81770430039081 0.848897243642316 0.874218246525639 0.895144649553955 0.905764176010712 0.92166901297608 0.931061407300372 0.938609928623089 0.943970110159368 0.944885293874349
30 0.723750043170327 0.775521395834906 0.81512873378405 0.84660118912816 0.8722472630787 0.893533524430343 0.904376503627694 0.920681253039501 0.930050751335724 0.937608169729206 0.943045490814913 0.943984425714996
50 0.715469901811684 0.767623811716962 0.807872177368867 0.840168717820177 0.866776681053255 0.889132550873832 0.900642312222882 0.918145522838962 0.927449772198598 0.935025084540941 0.940664449965535 0.941667038529267
100 0.715469901811684 0.767623811716962 0.807872177368867 0.840168717820177 0.866776681053255 0.889132550873832 0.900642312222882 0.918145522838962 0.927449772198598 0.935025084540941 0.940664449965535 0.941667038529267
