"A = 100km^2" "0.25" "0.5" "1" "2" "4" "8" "12" "24" "48" "96" "192" "216"
0.5 0.6792066835092 0.760914105768528 0.819503063333908 0.863266349286316 0.896793697012324 0.922903753249389 0.935509417147774 0.9534454543129 0.967353105375545 0.977760002531322 0.983249520851456 0.984005141993773
1 0.66830550882294 0.748102453073641 0.80511734008531 0.847551703219521 0.879944430251586 0.905081899574268 0.917184464305067 0.934360784238745 0.947981985282566 0.958027137615015 0.962951643061352 0.963564448061659
2 0.655464493800119 0.734138536146486 0.790510840595051 0.832597494821262 0.864833637085417 0.889941449669432 0.902067885689345 0.919333798778724 0.932733902228308 0.942701069354519 0.94780071370454 0.948473647417573
5 0.636782868851848 0.714615439428881 0.770966815889454 0.813534263791285 0.846571402135462 0.872685828017772 0.885464294103578 0.903912400000659 0.917062067179394 0.92708915428057 0.932834239082792 0.933697655492906
10 0.62188341423963 0.699346966924019 0.756059940446713 0.799451849109701 0.833622809006125 0.861082523265202 0.874718167023162 0.894716043756614 0.90768779064235 0.917789117615628 0.924100583957394 0.925130584199801
20 0.606592882019143 0.683812763470576 0.741085316388168 0.785563655804343 0.821189612469064 0.850371953118268 0.865110636932239 0.887120275737639 0.899916554094811 0.910080478913632 0.916937794155623 0.918131746951763
25 0.601614572049444 0.678772755402321 0.736254975895521 0.781124870468245 0.817273198875372 0.847076279207829 0.862214478715 0.884957534217682 0.897697378740147 0.9078764524484 0.914899061772917 0.916143755618509
30 0.597532114219575 0.674644118468566 0.732305931109848 0.777508145746878 0.814099921647138 0.844431214785568 0.859910244546931 0.883280863595034 0.895974567328328 0.906163879779968 0.913316953318708 0.914602169012588
50 0.586040189765691 0.663037381357882 0.721234336874218 0.767418076365285 0.805322349461918 0.837224405498907 0.85372158502232 0.878976594737029 0.891540816679162 0.901747925880615 0.909242774165729 0.910636602010177
100 0.586040189765691 0.663037381357882 0.721234336874218 0.767418076365285 0.805322349461918 0.837224405498907 0.85372158502232 0.878976594737029 0.891540816679162 0.901747925880615 0.909242774165729 0.910636602010177
