"A = 7.4km^2" "0.25" "0.5" "1" "2" "4" "8" "12" "24" "48" "96" "192" "216"
0.5 0.864267713132778 0.890521254955507 0.911477023882863 0.928360188366565 0.942032189356722 0.953137746808869 0.958648430476048 0.966665558331024 0.973163472664541 0.978400239091806 0.982412218521444 0.983011146518347
1 0.863036081152223 0.889183871031543 0.910043774950891 0.926840281347362 0.94043428432513 0.95147000815916 0.956943439140861 0.964902727705964 0.971388039208229 0.976601009856508 0.980563465650027 0.981149457939139
2 0.861524766329676 0.887675215476367 0.908547115372595 0.925361967694022 0.938978545529181 0.950039487427448 0.955528396120104 0.963514701082065 0.969990497059441 0.975203589350493 0.979183502461624 0.979775024600257
5 0.859241857406575 0.885494475955577 0.906486134634296 0.923432181485689 0.937186916323416 0.948389562173109 0.953961908736712 0.962090242920536 0.968554116502504 0.97378010552596 0.977820339611888 0.978429263272194
10 0.857358075221847 0.883736236205063 0.90487162029164 0.92197395631579 0.935893416017701 0.947266032929961 0.952939199532181 0.961240785300207 0.967694930037668 0.972932134492464 0.977024868767201 0.977648995301028
20 0.855369136326698 0.881901598362698 0.903213515876823 0.920508523308317 0.934632310117391 0.946217441592483 0.952017585108411 0.960539172307544 0.966982668005468 0.972229266045545 0.976372474051344 0.977011558264122
25 0.854709465305484 0.881296493331474 0.902670937758975 0.920034401745256 0.934231082924147 0.94589239422248 0.951738247789579 0.960339402179444 0.966779272530597 0.972028304407768 0.976186784079931 0.976830496859211
30 0.854164048064132 0.880797199879858 0.902224547369837 0.91964601434673 0.933904566384741 0.945630665944223 0.951515461508377 0.960184529901838 0.966621370612444 0.971872153193756 0.976042683914493 0.976690092908757
50 0.852607023886731 0.879376054953949 0.900959528437484 0.918552584207649 0.932994685631317 0.944913600776621 0.950914608149014 0.959786949177 0.96621500127491 0.971469509513218 0.975671603228835 0.976328918732235
100 0.852607023886731 0.879376054953949 0.900959528437484 0.918552584207649 0.932994685631317 0.944913600776621 0.950914608149014 0.959786949177 0.96621500127491 0.971469509513218 0.975671603228835 0.976328918732235
