"A = 17.5km^2" "0.25" "0.5" "1" "2" "4" "8" "12" "24" "48" "96" "192" "216"
0.5 0.816224205178748 0.857206127338054 0.888171207878304 0.91221498632098 0.931185586524899 0.946303067716995 0.953714073161772 0.964392656480094 0.972850074601676 0.979410344044838 0.983587924909328 0.984190170458512
1 0.811134109816667 0.851581127798967 0.882077499549991 0.905707320764935 0.924311789358556 0.939106082693915 0.946346391396509 0.956762315774718 0.965149571743172 0.9715964402215 0.97555877788023 0.976105146981021
2 0.804971953695617 0.845307477705735 0.875772946247224 0.899423303552983 0.918082010860906 0.932952403327451 0.94024390736692 0.950754298953406 0.959088078830917 0.965527558491181 0.969565587819118 0.970136197105504
5 0.795779015668893 0.836338590877387 0.867173464235532 0.891284340498738 0.910460770127402 0.92588282866454 0.933505810755769 0.944588589702322 0.952858133943222 0.959345485923241 0.963645361749777 0.964291765306324
10 0.788278764341429 0.82918013632211 0.86049624096544 0.885180131188048 0.904991243555431 0.921088724893389 0.929119333426426 0.940911746921314 0.949131625464444 0.955662817828081 0.960190626144982 0.960903183061116
20 0.780434692796272 0.821773330575654 0.85368895817053 0.879083903340928 0.899685525238535 0.9166306412725 0.925176766586074 0.937874843601603 0.946042365320416 0.95261031827053 0.957357271197649 0.958134893312566
25 0.777849139311524 0.819343764912098 0.851472029796668 0.877119523544492 0.89800304221676 0.915252065265158 0.923983937722994 0.937010146722338 0.945160187827318 0.951737558491529 0.956550818315087 0.957348571837581
30 0.775717275043091 0.817343902499518 0.849651945658597 0.875513214514958 0.896635821753954 0.914143224468711 0.923033354632958 0.936339788363938 0.944475327368156 0.95105940667838 0.955924990259259 0.9567388193535
50 0.769660016950524 0.811675246727922 0.844512494788178 0.871004602911674 0.892835202305683 0.911110831413949 0.920473153287805 0.934618876357259 0.942712801020483 0.949310758461094 0.954313384170167 0.955170296170161
100 0.769660016950524 0.811675246727922 0.844512494788178 0.871004602911674 0.892835202305683 0.911110831413949 0.920473153287805 0.934618876357259 0.942712801020483 0.949310758461094 0.954313384170167 0.955170296170161
