"A = 965km^2" "0.25" "0.5" "1" "2" "4" "8" "12" "24" "48" "96" "192" "216"
0.5 0.382402576418826 0.549572504015825 0.666030502192494 0.75102462486749 0.81492340714381 0.863914956197447 0.887311543344708 0.920292002371824 0.945707298312176 0.964596316959612 0.974713892160022 0.976108428365273
1 0.371331319989909 0.532945997894048 0.645099103048259 0.726632522982002 0.787694275942263 0.83433763608388 0.856549972455854 0.88778274167425 0.912286543138013 0.930245257419789 0.939220771568421 0.940345532805892
2 0.358745792185367 0.515358555129486 0.624359426436528 0.70385823780974 0.763606503839118 0.809420099716546 0.831307996859281 0.862185433158027 0.885979213041165 0.903565569216348 0.912727668777235 0.913942773235484
5 0.341019867916759 0.491467958135964 0.597291934052056 0.67541871167196 0.734952067703833 0.781314855467361 0.80377187745359 0.835916272032927 0.858940788841345 0.876388277601043 0.886557105821149 0.888090800805238
10 0.327287777510413 0.473266131211553 0.577117118880658 0.654818599040873 0.714952456325439 0.762622584358408 0.786084845525187 0.820250989822453 0.842767464863398 0.860198732162258 0.871285328260129 0.873101912613741
20 0.313528489541942 0.455140804491921 0.55723061141247 0.634830016679172 0.696002077261332 0.74553418589884 0.770381065558695 0.807312185967439 0.829359846057198 0.846779499417985 0.858760385266803 0.860856795771331
25 0.309117767517971 0.44934131733189 0.550893944695796 0.628508453520941 0.690084413194754 0.74031001093306 0.765669853280343 0.803628122914707 0.825531130120237 0.842942720285526 0.855195432562799 0.85737861999803
30 0.305525356719994 0.444619407778825 0.545741079821215 0.623381270620561 0.685307772490341 0.736129100679212 0.761929533584954 0.800772044074266 0.822558784787119 0.839961466121516 0.852428938117669 0.854681470822646
50 0.295529594312327 0.431481595001197 0.531425106858174 0.609188197124312 0.672179679461324 0.724792811812305 0.751920666875455 0.793440054688354 0.8149092893404 0.832274153814602 0.845304777972268 0.847743342449316
100 0.295529594312327 0.431481595001197 0.531425106858174 0.609188197124312 0.672179679461324 0.724792811812305 0.751920666875455 0.793440054688354 0.8149092893404 0.832274153814602 0.845304777972268 0.847743342449316
