"A = 9km^2" "0.25" "0.5" "1" "2" "4" "8" "12" "24" "48" "96" "192" "216"
0.5 0.854275053771534 0.883621800695729 0.906681012639238 0.925070036615455 0.939857203393217 0.951807872759958 0.957719171159797 0.966297831631716 0.973206524418796 0.978716861968106 0.982743598815867 0.983339845604779
1 0.852124741913542 0.88127865515712 0.904164431444481 0.922397504009644 0.937044855996544 0.948870743013702 0.954715624283511 0.963191370818378 0.970076527658877 0.975544063665409 0.979483531739682 0.98005700763121
2 0.84949422495529 0.878642258989922 0.901542048365679 0.919802374309755 0.934485750063193 0.946353210871804 0.952223993739667 0.960745389761709 0.967612733602275 0.973079823243648 0.977050122371446 0.977633378885019
5 0.845531969788312 0.874840953082171 0.89793869724895 0.916420747084547 0.931340472685955 0.943452156441597 0.94946732430629 0.958235209035252 0.965080469453912 0.970569622223241 0.974646338504706 0.975260309382166
10 0.842270880306464 0.871783173659225 0.895121616368283 0.913869805411911 0.92907276328039 0.94147852776901 0.947668757496422 0.956738294486213 0.96356576844299 0.969074292443674 0.973243615430723 0.973884411525827
20 0.838835210456438 0.868598658931029 0.892233319805855 0.911309893516791 0.926864381286583 0.939638060970478 0.946048940313792 0.955501911797569 0.962310087558374 0.967834839587055 0.972093190965276 0.972760376854353
25 0.837697316334192 0.867549648387488 0.891289216090353 0.910482431358042 0.926162300195226 0.939067859886644 0.945558181180932 0.955149876800107 0.961951511924314 0.967480459649947 0.971765747653875 0.972441099364968
30 0.83675709539648 0.866684552415535 0.890512854487695 0.909804871370881 0.925591137961707 0.938608845528375 0.945166845951872 0.954876960812254 0.961673139062494 0.96720509934729 0.97151164327233 0.972193515840344
50 0.834075907554373 0.864224554211173 0.888314534658461 0.907898644352434 0.924000406720647 0.937351790227235 0.944111745881818 0.954176343904259 0.960956731074749 0.966495069095926 0.970857284355774 0.97155663364909
100 0.834075907554373 0.864224554211173 0.888314534658461 0.907898644352434 0.924000406720647 0.937351790227235 0.944111745881818 0.954176343904259 0.960956731074749 0.966495069095926 0.970857284355774 0.97155663364909
