"A = 87km^2" "0.25" "0.5" "1" "2" "4" "8" "12" "24" "48" "96" "192" "216"
0.5 0.692524134829657 0.770327874888492 0.826271135474571 0.868147489623948 0.900283331517598 0.925343761234999 0.937453897693366 0.954698337262051 0.968082161710039 0.978112162193726 0.983438528346826 0.98417312803028
1 0.681954618492061 0.75799117122893 0.812471873066646 0.853109220385062 0.884184301999731 0.90833334783863 0.919971261474995 0.936501538671425 0.949622568952256 0.959315096917855 0.964106055694 0.964704927836189
2 0.669477037157168 0.74452017004194 0.798439789788371 0.838781922000363 0.869734195015276 0.893874810459288 0.90554484065379 0.922173650016405 0.935091999621859 0.944715842996194 0.949675732953646 0.95033209250076
5 0.65128779978571 0.72565273727439 0.779635530427503 0.820494681957519 0.852253447349603 0.877385853307521 0.889692642548169 0.907469697238609 0.920157618368656 0.92984429809022 0.935421091935203 0.936259088432941
10 0.636754857383689 0.710873148364114 0.765272487597145 0.806969163902522 0.839846965203866 0.866290599294527 0.879428050848561 0.898701180848737 0.911224457743866 0.920985300828528 0.927102825827931 0.92809960717633
20 0.621818144401859 0.695816242050455 0.750827238718352 0.793616809772689 0.827924581963727 0.856042932071327 0.87024713816533 0.891458788905604 0.903818904466441 0.913642232020016 0.920280711743265 0.921433749103059
25 0.616950298124983 0.690926854828049 0.746164115946553 0.789346506851867 0.824167067931515 0.852888443620724 0.867478770945363 0.88939666408556 0.901704154616737 0.911542727993995 0.918338945296416 0.919540339153844
30 0.612956713007029 0.68692007506177 0.742350509541597 0.785866072104241 0.821121829094286 0.850356250797522 0.865275921800828 0.887797996804198 0.90006241181054 0.909911371352436 0.916832084887604 0.918072095621591
50 0.601706728689797 0.675648593974198 0.731652575021701 0.77615154602931 0.812695094975628 0.843454925972545 0.859358233393033 0.883693974403775 0.895837295710886 0.905704837022351 0.912951681336446 0.914295195847913
100 0.601706728689797 0.675648593974198 0.731652575021701 0.77615154602931 0.812695094975628 0.843454925972545 0.859358233393033 0.883693974403775 0.895837295710886 0.905704837022351 0.912951681336446 0.914295195847913
