"A = 6.2km^2" "0.25" "0.5" "1" "2" "4" "8" "12" "24" "48" "96" "192" "216"
0.5 0.872865058848035 0.896442168967707 0.915577226202863 0.931156386646146 0.943862247454909 0.954235241986414 0.959398500717298 0.96692841024638 0.973071271862205 0.978073539287244 0.98208284141666 0.982685791358264
1 0.872481854970769 0.896027291394817 0.915133429643893 0.9306863234271 0.94336845882614 0.953720150888788 0.958872023230477 0.966384222298824 0.972523394015242 0.977518445550729 0.981512452598635 0.982111404287018
2 0.872010324279423 0.895558187917421 0.914669113816531 0.930228444379495 0.942918122017821 0.953278036885342 0.958434897416003 0.96595573680006 0.972092128973573 0.977087316845755 0.981086697710504 0.981687350151992
5 0.871296225581135 0.894878562712582 0.914028472813782 0.929629764212389 0.942363190933973 0.952767700860747 0.957950730296993 0.965516004841537 0.971648878856732 0.976648147150462 0.98066612616811 0.98127214219699
10 0.870705595256209 0.894329465253371 0.913525697083944 0.929176679046694 0.941962055822798 0.952419886640339 0.95763444672473 0.96525377624602 0.971383744036376 0.976386533232566 0.980420702519612 0.981031405996666
20 0.870080767982155 0.893755510179179 0.913008563627093 0.928720769004517 0.941570560964524 0.952095028384274 0.957349274951345 0.965037187466004 0.971163948364909 0.976169686004417 0.980219421614729 0.980834737447038
25 0.869873265280697 0.893565992012274 0.912839176395018 0.928573142191137 0.94144592043779 0.951994276908528 0.957262808748169 0.964975518185672 0.971101182917712 0.976107685818881 0.980162131381432 0.980778874543196
30 0.869701603705902 0.893409535364912 0.912699757460083 0.928452166048615 0.941344458528801 0.951913133929377 0.957193836058792 0.964927708926129 0.971052456246126 0.97605951043403 0.980117672695626 0.980735555690197
50 0.869211074180867 0.89296382785105 0.912304367352441 0.928111368663394 0.941061579279302 0.951690740774812 0.957007764736598 0.964804975275169 0.970927055456291 0.975935287805401 0.980003184557727 0.980624122564497
100 0.869211074180867 0.89296382785105 0.912304367352441 0.928111368663394 0.941061579279302 0.951690740774812 0.957007764736598 0.964804975275169 0.970927055456291 0.975935287805401 0.980003184557727 0.980624122564497
