"A = 969km^2" "0.25" "0.5" "1" "2" "4" "8" "12" "24" "48" "96" "192" "216"
0.5 NA 0.549065734197689 0.665660173923835 0.75075145086924 0.81472175167395 0.863767143387543 0.887189107173364 0.920204923720372 0.945647427949166 0.964556814140053 0.974686947288307 0.976083268404641
1 NA 0.532441090545473 0.644723588478089 0.726348762113035 0.787477792635829 0.834171620620965 0.856407681579727 0.887673437047747 0.912202776694499 0.930180432392873 0.939167212855654 0.940293496337129
2 NA 0.514856578396886 0.623979697872242 0.703565383263986 0.763377505171564 0.809239130622612 0.831149657475277 0.862058628129231 0.885876636667278 0.90348107700577 0.912654244715498 0.913870894581932
5 NA 0.490971214570332 0.596907934200932 0.675115570671306 0.734709008354896 0.781117552600703 0.803596374771559 0.835771507268743 0.858818879799539 0.876283751393759 0.886464058260798 0.887999493894091
10 NA 0.472774237365301 0.576730780668161 0.654508744671822 0.714700158319488 0.76241479408257 0.785898564078055 0.820095514997071 0.842633991778537 0.860082271678939 0.871180829447992 0.872999341263039
20 NA 0.45465444104263 0.556842649573432 0.634514238607414 0.695741484253688 0.745317109882676 0.770185413284297 0.807147865123246 0.829216786428385 0.846653146820749 0.858646494864508 0.860745021978342
25 NA 0.448856868409101 0.550505605785542 0.62819092303433 0.689821323758167 0.740090158183973 0.765471431130758 0.803461283345334 0.825385332931971 0.842813539370384 0.85507886904856 0.857264232288635
30 NA 0.444136569240835 0.545352484044755 0.6230623615684 0.685042701020005 0.735907047564262 0.761728927048339 0.800603251857072 0.822410862350545 0.839830087546764 0.852310300200216 0.854565056153447
50 NA 0.431003480291997 0.531036031444922 0.608865671990923 0.671909314122754 0.724564893304219 0.751714282476009 0.793266249726802 0.814755897459523 0.832137108465116 0.845180798138901 0.847621713642371
100 NA 0.431003480291997 0.531036031444922 0.608865671990923 0.671909314122754 0.724564893304219 0.751714282476009 0.793266249726802 0.814755897459523 0.832137108465116 0.845180798138901 0.847621713642371
