"A = 700km^2" "0.25" "0.5" "1" "2" "4" "8" "12" "24" "48" "96" "192" "216"
0.5 0.43523477726285 0.58734488584899 0.693610298324826 0.77134618597681 0.829901513993237 0.874869904603189 0.896370195284701 0.926708334957831 0.95009183249712 0.96746299841788 0.976658876001079 0.977922853530102
1 0.423433203810031 0.570693576816536 0.673173097047423 0.747846882065248 0.803878870438841 0.846749184076654 0.867187837188254 0.895954508290737 0.918549039507922 0.935095333428459 0.943245968997472 0.944260098627554
2 0.409949704139995 0.553005069602153 0.652852903818412 0.725846978455644 0.780813737067123 0.823030632229379 0.843223779915352 0.871739402429815 0.893719957608991 0.90995610275087 0.918305598439906 0.919407814989228
5 0.390871988555633 0.528879175772109 0.626239293200524 0.698294194903477 0.753314284488418 0.796238385352783 0.817056396010969 0.846888722635931 0.868200862877452 0.884347999766326 0.893668864004933 0.895073974061224
10 0.376032184068912 0.510430259822239 0.606338142750528 0.678280858169441 0.734077940832915 0.77839155406006 0.800230424072953 0.832069333838573 0.852936342146993 0.869093221890083 0.879292148886035 0.880965293498312
20 0.361113211675684 0.492003534272131 0.586669100697001 0.658817053575095 0.715816505263454 0.762053693023235 0.785276444626462 0.819829199104708 0.840282117480968 0.856448801726619 0.867501279317905 0.869439259026783
25 0.356320375802914 0.486096130652529 0.580390935050459 0.652652300330764 0.710106957166219 0.757054366472561 0.780787117736828 0.816344067972125 0.836668542815027 0.852833554241927 0.864145264654057 0.866165335684357
30 0.352413042553039 0.481282264045408 0.575281807681937 0.647649060998086 0.705495829949218 0.753051780701795 0.777221873383025 0.813642211586537 0.833863218008738 0.85002443460132 0.861540911470105 0.863626573925656
50 0.341523523129073 0.467869274267066 0.561069292852201 0.633783913832274 0.692811125926451 0.742191526080509 0.767676515055919 0.806706134731485 0.826643559144351 0.84278097973406 0.85483429068136 0.857095880276256
100 0.341523523129073 0.467869274267066 0.561069292852201 0.633783913832274 0.692811125926451 0.742191526080509 0.767676515055919 0.806706134731485 0.826643559144351 0.84278097973406 0.85483429068136 0.857095880276256
