"A = 968km^2" "0.25" "0.5" "1" "2" "4" "8" "12" "24" "48" "96" "192" "216"
0.5 0.381871085279656 0.549192279386234 0.665752649094286 0.750819666233585 0.814772108591591 0.863804055600216 0.887219682752775 0.920226670412258 0.945662380595881 0.964566680811806 0.97469367767148 0.976089553000589
1 0.370808430783961 0.532567167031859 0.644817355300314 0.726419617832276 0.787531848998276 0.834213075050791 0.856443211927538 0.887700730655761 0.912223693361498 0.93019661923083 0.939180585922799 0.940306489196813
2 0.358233294035675 0.514981919363688 0.624074513633929 0.703638506706545 0.763434683900174 0.809284316449131 0.831189192705808 0.86209028929653 0.885902247945439 0.903502172573356 0.912672576076146 0.913888839967741
5 0.340522787581663 0.49109524388489 0.597003812269778 0.67519125895352 0.734769694794882 0.781166814110003 0.803640193016652 0.835807650630666 0.858849316154497 0.87630984724379 0.886487287550288 0.888022288491532
10 0.326803182309224 0.4728970520654 0.576827239524249 0.654586106628193 0.714763149389235 0.762466672388175 0.785945072064648 0.820134331259105 0.84266731430503 0.860111346203262 0.871206916913667 0.873024947417361
20 0.31305684732061 0.454775871280403 0.556939510840841 0.634593077155365 0.69580654444278 0.745371305086727 0.770234259637503 0.80718888907805 0.829252501579165 0.846684690316406 0.858674926424946 0.860772925023673
25 0.308650369493498 0.448977819484697 0.550602560259997 0.628270198355901 0.689887006637166 0.740145046202067 0.765520968662076 0.803502935896062 0.825421731327022 0.842845788785512 0.855107967804605 0.857292787756541
30 0.305061448251389 0.444257117311823 0.545449501892166 0.62314198046705 0.685108878273626 0.735962484584339 0.761779009655766 0.800645391728318 0.822447791168316 0.839862885475448 0.852339916717112 0.854594117542021
50 0.29507555007305 0.431122846381457 0.53113316694785 0.608946192031961 0.671976811775102 0.724621793747591 0.751765806836629 0.793309640624042 0.81479419134956 0.832171320763316 0.845211747971764 0.847652076457863
100 0.29507555007305 0.431122846381457 0.53113316694785 0.608946192031961 0.671976811775102 0.724621793747591 0.751765806836629 0.793309640624042 0.81479419134956 0.832171320763316 0.845211747971764 0.847652076457863
