"A = 28km^2" "0.25" "0.5" "1" "2" "4" "8" "12" "24" "48" "96" "192" "216"
0.5 0.785073963715138 0.835447776245995 0.872788762162801 0.901388388559131 0.923725656807622 0.941388486184838 0.950003566056545 0.962366173411603 0.972077068180126 0.979504420170026 0.983893158901692 0.984515336194236
1 0.77810786192606 0.827653760737378 0.8642820070051 0.892260001195023 0.914052727868605 0.93123867309831 0.939603280938316 0.951582411130348 0.961179911869823 0.968437222908685 0.972519548689366 0.973062593830278
2 0.769736563615771 0.819014757484576 0.855525383696339 0.883480032139024 0.905310911977224 0.922575286137744 0.930998396289946 0.943091437046169 0.952602155721639 0.959841582012186 0.964029953538543 0.964607349971308
5 0.757332428935699 0.806738443855471 0.843643085498315 0.87215698502817 0.894651605851186 0.912643865032439 0.921510709624198 0.934377600347871 0.943786019361037 0.951085623641036 0.955643714821339 0.956328490689565
10 0.747274362931962 0.79699397451919 0.834461251472307 0.863699371850156 0.887026672055206 0.905924340221397 0.915343940723936 0.929181213970523 0.938512552662681 0.945869688664277 0.950749942666814 0.95152843543413
20 0.73680918096905 0.786957437693264 0.825137904645202 0.85528148185687 0.879650439786408 0.899688214626683 0.909809156736808 0.924889237408082 0.934140870541234 0.941546290845804 0.946736381245241 0.947607048023543
25 0.73337121435288 0.78367504962546 0.822109432791674 0.852574975433026 0.877315590144849 0.89776238212691 0.908136247342385 0.923667183773599 0.932892481155196 0.940310160371927 0.945594008249998 0.946493193834582
30 0.730540719778364 0.780976743753619 0.819625910636186 0.850363955273052 0.875419737474212 0.896214270481086 0.906803664974694 0.922719783721708 0.931923319580767 0.939349662257421 0.944707497598103 0.945629456317256
50 0.722518882182647 0.773345472421707 0.812626695541492 0.84416821904242 0.87015665385314 0.891984805778328 0.903217323255291 0.920287663492278 0.929429128556553 0.936872970043268 0.942424592651076 0.943407583745001
100 0.722518882182647 0.773345472421707 0.812626695541492 0.84416821904242 0.87015665385314 0.891984805778328 0.903217323255291 0.920287663492278 0.929429128556553 0.936872970043268 0.942424592651076 0.943407583745001
