"A = 450km^2" "0.25" "0.5" "1" "2" "4" "8" "12" "24" "48" "96" "192" "216"
0.5 0.501417639450517 0.63458841400689 0.728033377293543 0.796637978374071 0.84846953355021 0.888374370989995 0.907487524399379 0.934498766282655 0.955328985812145 0.970802544813592 0.978890912790891 0.979999441779761
1 0.489086260543926 0.618258919158498 0.708548852886453 0.774578881339479 0.82427291423901 0.862388850145894 0.880592502923852 0.906251668737768 0.926440347831607 0.941218487378223 0.948384880001963 0.94926966354768
2 0.474899415434611 0.600810771534537 0.689083411373738 0.753850564606928 0.802768994739031 0.840435413324302 0.858484000901911 0.884010324116901 0.903700498554057 0.918241221502237 0.925614285335806 0.926582715703471
5 0.454699611497045 0.576878871146363 0.663465295932656 0.727785837207405 0.777051733832995 0.815586783122657 0.834310584997095 0.861185210878369 0.880328697282592 0.894835406169151 0.903120910892084 0.904369039567425
10 0.438898113968894 0.558485097119725 0.644222479659653 0.70878079028602 0.759006757292308 0.798999087460577 0.818743721662445 0.847573743094346 0.866348603209133 0.880892533706709 0.88999494903648 0.891489623545159
20 0.422938676020109 0.540036911610932 0.625134099057199 0.690239089888507 0.741831949093149 0.783785274888909 0.804890035586518 0.83633129565739 0.854759162939009 0.869335529132078 0.879229867937235 0.880967832199478
25 0.417796189051903 0.534106697325629 0.619026783839547 0.684354350378107 0.736453040388799 0.779124006445252 0.800727130417532 0.833130235830773 0.851449650988822 0.866031191631515 0.876165821658221 0.877979160043773
30 0.413598290307511 0.529268549492034 0.614051533946678 0.679574098930117 0.732105732135764 0.775389998988183 0.797419736109526 0.830648606415932 0.848880379054835 0.86346365527022 0.873788043405792 0.87566159613509
50 0.401872833129102 0.515760945535496 0.600187086156842 0.666306870414509 0.720131809719832 0.765248878832602 0.78855837556995 0.824277885737027 0.84226821533973 0.856843134917777 0.867664888851706 0.869699910345299
100 0.401872833129102 0.515760945535496 0.600187086156842 0.666306870414509 0.720131809719832 0.765248878832602 0.78855837556995 0.824277885737027 0.84226821533973 0.856843134917777 0.867664888851706 0.869699910345299
