"A = 975km^2" "0.25" "0.5" "1" "2" "4" "8" "12" "24" "48" "96" "192" "216"
0.5 NA 0.54830851245268 0.665106810534295 0.75034324609059 0.814420402774504 0.863546240630058 0.887006119484195 0.920074763351895 0.94555792015278 0.964497739935587 0.974646646284062 0.976045635989231
1 NA 0.531686723781369 0.644162543541879 0.725924803600436 0.787154351490007 0.833923581950298 0.856195089095011 0.887510128318672 0.912077623790482 0.930083581574785 0.939087205566072 0.940215765367915
2 NA 0.514106664457292 0.623412422589196 0.703127897533533 0.763035419790305 0.80896880101311 0.830913136384396 0.86186921887388 0.88572342552197 0.903354885949381 0.912544599493792 0.913763559956228
5 NA 0.490229217076007 0.596334361611612 0.674662789990689 0.734345980344255 0.780822876745692 0.803334264143407 0.835555312426551 0.858636830660123 0.876127672873682 0.886325135933476 0.887863173172848
10 NA 0.472039557781099 0.576153776125905 0.654045986772853 0.714323372476653 0.762104487712751 0.785620383795575 0.819863346908719 0.842434692883066 0.859908389160646 0.871024822526604 0.872846214499382
20 NA 0.453928093982434 0.556263279051932 0.634042681342357 0.695352348031864 0.744992965165048 0.769893263122926 0.806902503866956 0.82900318755636 0.846464506877874 0.858476476243049 0.860578165580413
25 NA 0.448133403648723 0.549925690734633 0.627716763595812 0.689428471086139 0.739761875608302 0.765175151838504 0.803212165600958 0.825167650519913 0.842620680037342 0.854904862301319 0.857093476043778
30 NA 0.443415528145676 0.54477220045605 0.622586155444694 0.684646897850648 0.735575486115947 0.761429391484144 0.800351221886171 0.822190009765678 0.839633949663128 0.852133198565403 0.854391275774788
50 NA 0.430289545213363 0.530455073175277 0.608384098968657 0.671505631183194 0.724224591960296 0.751406134089936 0.793006743626857 0.814526886259236 0.831932516675525 0.844995726679772 0.847440154002286
100 NA 0.430289545213363 0.530455073175277 0.608384098968657 0.671505631183194 0.724224591960296 0.751406134089936 0.793006743626857 0.814526886259236 0.831932516675525 0.844995726679772 0.847440154002286
