"A = 7km^2" "0.25" "0.5" "1" "2" "4" "8" "12" "24" "48" "96" "192" "216"
0.5 0.867011530174729 0.892412490207093 0.912788340333792 0.929256221890246 0.942620586946364 0.953492924430855 0.958893018455647 0.966755084087279 0.973139856197233 0.978301691042714 0.982311761178138 0.982911792217554
1 0.866044588913805 0.891363521282987 0.911664845489083 0.928065257476427 0.941368827850065 0.952186685479282 0.9575576990537 0.9653745882509 0.971749653175985 0.976892958668213 0.980864242281744 0.981454139511363
2 0.864857036243605 0.890179347852686 0.910490941466573 0.926906344272942 0.940228055625332 0.951066014796563 0.956449318484198 0.964287606354945 0.970655347269639 0.975798828210018 0.979783771861699 0.98037799471557
5 0.863061738329746 0.888466420304903 0.908873418193116 0.925392734823272 0.938823521648435 0.949773133566419 0.955222108454139 0.963172094442948 0.969530630044774 0.974684291102208 0.978716455610641 0.979324299342645
10 0.8615792291306 0.887084453382009 0.907605570494671 0.924248435858865 0.937809100890188 0.94889249992607 0.954420754111819 0.962506873013632 0.968857868351012 0.974020360000996 0.978093625433056 0.978713370247185
20 0.860012997432288 0.885641649594491 0.906302872480286 0.923098016756759 0.936819763105643 0.948070410341787 0.953698492019819 0.961957430655784 0.968300151684378 0.973470039054246 0.977582819638669 0.978214273979286
25 0.859493316211172 0.885165610869358 0.905876461477353 0.922725716270482 0.93650493328192 0.947815535047324 0.953479552162262 0.961800988042322 0.96814088860264 0.973312693253268 0.977437429875306 0.978072507708707
30 0.859063565844991 0.884772752666708 0.905525596400571 0.922420702835183 0.936248702570097 0.947610295170686 0.95330492704515 0.961679705525802 0.968017247965534 0.97319043241725 0.977324603701689 0.977962575144998
50 0.857836363269953 0.883654253908905 0.904531053887638 0.921561828074476 0.935534569440947 0.947047926955975 0.95283392243172 0.961368354833647 0.967699051933588 0.972875176763866 0.977034058484489 0.977679785358514
100 0.857836363269953 0.883654253908905 0.904531053887638 0.921561828074476 0.935534569440947 0.947047926955975 0.95283392243172 0.961368354833647 0.967699051933588 0.972875176763866 0.977034058484489 0.977679785358514
