"A = 50km^2" "0.25" "0.5" "1" "2" "4" "8" "12" "24" "48" "96" "192" "216"
0.5 0.741078728947013 0.804565924869355 0.850803012818184 0.885754276594052 0.912781150443017 0.93398608699945 0.94427532959621 0.958977343762558 0.970442242755627 0.979102706970133 0.98388882856247 0.984556155992156
1 0.732085105395677 0.794310482011435 0.839483621689136 0.873520884459684 0.899756514422071 0.920275275816771 0.930206617656954 0.944364107340947 0.955648109090872 0.964059069450088 0.968423878273714 0.968983307885152
2 0.721375204862377 0.783029897511997 0.827904333077653 0.861811547109311 0.888026754800726 0.908597452153346 0.918582313974994 0.932857862256377 0.944002825919159 0.952375017666617 0.956880387286405 0.957486303574833
5 0.705637932960159 0.767118223815758 0.812292016527279 0.846790247886346 0.873781909175209 0.895245879996767 0.905787820592818 0.921049612733584 0.932033914396606 0.940473046393702 0.945477432336301 0.946229137911214
10 0.692973300095535 0.754573371632742 0.800299318728455 0.835626684687557 0.863633062916953 0.886237614299478 0.897487796566123 0.914007912379876 0.924874581356815 0.933383027731744 0.938823261700824 0.939702270456886
20 0.679878813468507 0.741724826775694 0.788181463177068 0.824561970906237 0.853848531514418 0.877897924247744 0.890051506700678 0.908191791198127 0.918939523824113 0.927506234529254 0.93336593313876 0.934370170198876
25 0.675594712883122 0.737538087126616 0.784257782149169 0.821014115485713 0.850758240306182 0.875326709720952 0.88780659205194 0.906535768168796 0.917244692721686 0.92582596279131 0.931812623217563 0.932855608747409
30 0.672073992384273 0.734101884011592 0.781044637755887 0.818119220319853 0.848251420649102 0.873261294654935 0.886019338403218 0.905251932288233 0.915928945248991 0.924520358026878 0.930607215004508 0.931681143040054
50 0.662126945124092 0.724410348443237 0.772010711068336 0.81002349372947 0.841303679610036 0.867625499086209 0.881213821190533 0.901956130044872 0.912542796207267 0.921153791132062 0.927503098469772 0.928659955364539
100 0.662126945124092 0.724410348443237 0.772010711068336 0.81002349372947 0.841303679610036 0.867625499086209 0.881213821190533 0.901956130044872 0.912542796207267 0.921153791132062 0.927503098469772 0.928659955364539
