"A = 29km^2" "0.25" "0.5" "1" "2" "4" "8" "12" "24" "48" "96" "192" "216"
0.5 0.782593168820501 0.833710741285304 0.871556470047625 0.90051661465176 0.923120181139772 0.940984245949841 0.94969447943452 0.962190109639074 0.972000376353614 0.979497019267299 0.983905335156104 0.984529573009917
1 0.775494780834476 0.825760595317948 0.862874003733323 0.891196031209179 0.913241017144287 0.930616193084167 0.939069756982004 0.95117257011761 0.960865827048882 0.968187940063136 0.9722829815542 0.972826351126503
2 0.76696920861576 0.816952617152402 0.853939887639646 0.882233841943881 0.904314709464118 0.92176767522136 0.930279898895458 0.942497523310358 0.952101205707659 0.959404434952171 0.963607717065803 0.964186185145707
5 0.754342873899871 0.80444180393393 0.84182143573016 0.870679492469779 0.893433111218965 0.911625656100094 0.920589286956903 0.933594782531848 0.943093011075124 0.950457108507238 0.955038069439257 0.955726261396728
10 0.744109329343591 0.79451527241916 0.83246048672642 0.862051744265802 0.885651060924415 0.904764806849092 0.914291359448855 0.928285745593901 0.937704662657639 0.9451271753378 0.950037269397296 0.950821225561486
20 0.733465640205306 0.784294697972539 0.822958095149468 0.853466695699538 0.878124384345909 0.898398470316085 0.908639461282474 0.923900724840607 0.933237744065323 0.940709286399377 0.945935930493144 0.946814074654001
25 0.729969903904942 0.780952861577976 0.819872061178615 0.850706899072592 0.87574223387738 0.896432622026477 0.906931279299302 0.922652178752136 0.931962158694743 0.939446139361727 0.944768573545955 0.9456758596916
30 0.727092165148504 0.778205954232388 0.8173415497194 0.848452507237426 0.873808087616109 0.894852412291519 0.905570644556834 0.921684240360866 0.930971884073782 0.938464648836539 0.943862674708573 0.944793231628115
50 0.718937975328364 0.770438525520284 0.810210938187291 0.842136008178523 0.868439232318618 0.890535576845353 0.90190901199033 0.919199395086108 0.928423357454202 0.93593382664617 0.941529842121684 0.942522765142149
100 0.718937975328364 0.770438525520284 0.810210938187291 0.842136008178523 0.868439232318618 0.890535576845353 0.90190901199033 0.919199395086108 0.928423357454202 0.93593382664617 0.941529842121684 0.942522765142149
