"A = 8km^2" "0.25" "0.5" "1" "2" "4" "8" "12" "24" "48" "96" "192" "216"
0.5 0.860349615647004 0.887818149324904 0.909600234170352 0.927075038037226 0.941185242878295 0.952622941315291 0.958291095170499 0.966528979293567 0.973188191125258 0.97853210026052 0.982548441853755 0.983146074740677
1 0.858749486356546 0.886078252510777 0.907734034347535 0.925094905660874 0.93910272405413 0.950448868938632 0.956068226725194 0.964230409361955 0.970872802860156 0.976185433090199 0.98013720499868 0.98071797877176
2 0.856788395929377 0.884117555969617 0.905786905755215 0.923170220875652 0.937206380448246 0.948584572403672 0.95422371137172 0.962420549573603 0.9690502323325 0.974362829966448 0.978337387321603 0.978925382476677
5 0.853829427371893 0.881286233940984 0.903107916739346 0.920659530483074 0.934873754356747 0.946435108919659 0.952182267290694 0.960563186391692 0.967177011641559 0.972506233434455 0.976559481494615 0.977170181476741
10 0.851390294538147 0.87900555172652 0.901010956250248 0.918763638615266 0.933190582086115 0.944971966227054 0.950849820437659 0.959455571334119 0.96605652455648 0.971400256638031 0.975521988248491 0.976152521736749
20 0.84881722969319 0.876627593512012 0.898858817061716 0.916859453351904 0.931550312803502 0.94360686309304 0.949649369591077 0.958540732151252 0.965127645388877 0.970483531699885 0.974671102114789 0.975321148371173
25 0.847964303720641 0.875843680445157 0.89815488216348 0.916243605619113 0.931028608733052 0.943183795121019 0.949285577313152 0.95828025017235 0.964862392138175 0.970221424977399 0.974428915876915 0.975085000138703
30 0.847259279882649 0.875196989050846 0.897575850808011 0.915739201382382 0.930604104284679 0.942843173645533 0.948995454732391 0.958078310884772 0.964656468200542 0.970017762808989 0.974240973164235 0.974901879143105
50 0.845247487195704 0.873356999554138 0.895935477672214 0.914319537643563 0.929421429982887 0.94191011620679 0.948213092836085 0.957559901976672 0.964126511534423 0.969492609766832 0.973756990994797 0.974430819927356
100 0.845247487195704 0.873356999554138 0.895935477672214 0.914319537643563 0.929421429982887 0.94191011620679 0.948213092836085 0.957559901976672 0.964126511534423 0.969492609766832 0.973756990994797 0.974430819927356
