"A = 960km^2" "0.25" "0.5" "1" "2" "4" "8" "12" "24" "48" "96" "192" "216"
0.5 0.383291168525262 0.550208185966467 0.666495023706966 0.751367270011695 0.815176334791936 0.864100339948549 0.88746509284916 0.920401196818764 0.945782361406869 0.964645831532876 0.974747661109737 0.976139959539282
1 0.372205584251538 0.533579398393133 0.645570181785438 0.726988497749514 0.787965851776376 0.834545900585007 0.856728474733961 0.887919863079147 0.912391627184181 0.93032658141731 0.939287970374097 0.940410823481681
2 0.359602741485251 0.515988335699906 0.624835841518599 0.704225665649692 0.763893821572987 0.809647162041382 0.831506669068592 0.862344543834392 0.886107928243366 0.903671598871641 0.912819820604667 0.914032987620463
5 0.341851117332204 0.492091248103122 0.597773771540205 0.675799099841913 0.735257073856618 0.781562452103278 0.803992121619154 0.836097949133214 0.859093791921442 0.876519473699839 0.886673906880192 0.88820541896669
10 0.328098209705727 0.473883392112837 0.577601936777761 0.655207449395817 0.715269086782435 0.762883366547537 0.786318637829421 0.820446124124419 0.842934995998646 0.860344919941843 0.871416513326993 0.873230680004154
20 0.314317319808768 0.455751180633147 0.557717511659668 0.63522633710278 0.696329146368814 0.745806643720691 0.770626636883529 0.807518435300123 0.829539420890186 0.846938113541132 0.858903367184245 0.86099712232208
25 0.309899518715208 0.449949308361118 0.551381332313005 0.628906984547405 0.690414624231437 0.740585960332441 0.765918906423786 0.803837537027881 0.825714144184169 0.843104887304473 0.85534177219727 0.857522229881389
30 0.306301287212547 0.445225392022956 0.546228801271077 0.623781540925364 0.685640478183209 0.736407816976663 0.76218133261244 0.80098391169121 0.822744468827672 0.840126393811599 0.852577883426403 0.854827626764173
50 0.29628906935367 0.432081690009931 0.53191346191935 0.609593030990418 0.672519048804751 0.725078903991228 0.752179729160315 0.793658220823164 0.815101844713765 0.832446200032667 0.845460433303776 0.84789604785373
100 0.29628906935367 0.432081690009931 0.53191346191935 0.609593030990418 0.672519048804751 0.725078903991228 0.752179729160315 0.793658220823164 0.815101844713765 0.832446200032667 0.845460433303776 0.84789604785373
