"A = 26.8km^2" "0.25" "0.5" "1" "2" "4" "8" "12" "24" "48" "96" "192" "216"
0.5 0.788139341608432 0.83759333563115 0.874310065808664 0.902463784033273 0.924471658542835 0.941885554370691 0.950382919105322 0.962580951938421 0.972168972353341 0.979510750153218 0.983875820540396 0.984495541212935
1 0.781339965421485 0.829995405085602 0.866023557357646 0.893576018949446 0.915056727735961 0.932008614695615 0.940263193349625 0.952089340890049 0.96156840140078 0.968745688070451 0.972812897293468 0.9733556526176
2 0.773163404997125 0.821568872690426 0.857489622236039 0.885024344555606 0.906545824933316 0.923576773948031 0.931889579860162 0.943828402342855 0.953224104037934 0.960384708708929 0.964555207976029 0.965131380068545
5 0.761040161500045 0.809587772511994 0.845903899786677 0.873991311361616 0.896164906462429 0.913908850676436 0.922655671983147 0.93535063892475 0.944647914401226 0.951867788549857 0.956398051758534 0.957078673811456
10 0.751204227880081 0.800072758227907 0.836947217233378 0.865747180409841 0.888736853677719 0.907366220575909 0.916652975404548 0.93029503186422 0.939517974414127 0.946794248924732 0.951637960220072 0.95240974133243
20 0.740965276888033 0.790268385061957 0.827849109023785 0.857539171835586 0.881549236489709 0.901293136977657 0.911264731812106 0.926119332553774 0.935265275343763 0.942588880137557 0.947734035158039 0.948595474189693
25 0.737600581831163 0.787061037935841 0.824893087540564 0.854899603732264 0.879273708564109 0.899417421769878 0.909635965332235 0.924930386518166 0.934050863080023 0.941386496103058 0.946622867768811 0.947512047078338
30 0.734830029855641 0.78442409818686 0.822468721736105 0.852743073200362 0.877425888314536 0.897909515247199 0.908338492667729 0.924008653212812 0.933108078949771 0.940452219647251 0.945760573465031 0.946671904218851
50 0.726976219929937 0.776964826643365 0.815634990151361 0.846699104117811 0.872295509200893 0.893789508350299 0.904846395864653 0.921642423430985 0.930681771740025 0.938043141285706 0.943540029439211 0.94451072638551
100 0.726976219929937 0.776964826643365 0.815634990151361 0.846699104117811 0.872295509200893 0.893789508350299 0.904846395864653 0.921642423430985 0.930681771740025 0.938043141285706 0.943540029439211 0.94451072638551
