"A = 45km^2" "0.25" "0.5" "1" "2" "4" "8" "12" "24" "48" "96" "192" "216"
0.5 0.749565719829645 0.810534982318927 0.855064380958554 0.888796768251718 0.914924020281792 0.93544972336241 0.94541803669643 0.95967175420254 0.970799561664557 0.97922149673777 0.983923292307593 0.984580594819795
1 0.740914076439963 0.800707031557496 0.844240925301647 0.877115782538911 0.902499089271516 0.922378485716461 0.932009266482851 0.945748861318111 0.956709325980951 0.964897080741962 0.969198723388028 0.969753373587649
2 0.730594365897529 0.789881620806715 0.833156379338295 0.865925296112732 0.891302294139583 0.911241064853888 0.92092751875033 0.934786182470491 0.945618119952263 0.953771631990622 0.958207874698487 0.958806845037141
5 0.715407418311374 0.774591412628982 0.818193746405493 0.851555814249311 0.877694682313691 0.898501204160332 0.908726324077563 0.923535766168779 0.934218683658756 0.942438682266445 0.947350833911775 0.948088671675754
10 0.703168882768153 0.762521706045356 0.806687705714057 0.840866887151586 0.867992743487471 0.8899012740606 0.900808397034172 0.916826722605784 0.927399988346546 0.935687630428311 0.941015230350483 0.941874310177251
20 0.690500504771575 0.750147226425141 0.795051219535839 0.830264551061519 0.85863330219164 0.88193605497525 0.893712166175971 0.911285360659665 0.921747318083687 0.930091800932842 0.935819170290256 0.936797510505523
25 0.686352730008018 0.746112296333518 0.791281224534776 0.82686327766446 0.855676075287611 0.87947955821488 0.891569436767583 0.909707569772944 0.9201331262548 0.928491861335239 0.93434022476757 0.935355466150099
30 0.682942923171601 0.74279972399368 0.788193151671477 0.82408738770808 0.853276772825336 0.877506034008398 0.8898633681843 0.908484383551182 0.918879981433312 0.927248676251385 0.93319252522907 0.934237233778419
50 0.673303826349864 0.733452236161962 0.779507119805749 0.816321620041481 0.846625030172133 0.872119769477271 0.885275363419862 0.905344278219367 0.915654943784006 0.924043061610989 0.930237017646009 0.931360700356857
100 0.673303826349864 0.733452236161962 0.779507119805749 0.816321620041481 0.846625030172133 0.872119769477271 0.885275363419862 0.905344278219367 0.915654943784006 0.924043061610989 0.930237017646009 0.931360700356857
