"A = 999km^2" "0.25" "0.5" "1" "2" "4" "8" "12" "24" "48" "96" "192" "216"
0.5 NA 0.545314117577334 0.662918396301331 0.748728731634698 0.81322835120595 0.862672236578273 0.88628201341509 0.919559509797 0.945203397237421 0.96426356692797 0.974486815473738 0.975896376093251
1 NA 0.528704460401175 0.641944545815153 0.724248754221 0.785875680781362 0.832943002370708 0.855354640108865 0.886864514453426 0.911582852625663 0.929700724705033 0.938771063597424 0.939908645572947
2 NA 0.511142871876205 0.621170560717119 0.701399063602731 0.761683679373101 0.807900691185888 0.82997866135452 0.861120961238498 0.88511825718106 0.902856549698912 0.912111782307079 0.913339896551086
5 NA 0.487297861439021 0.59406858814222 0.672874350476058 0.732912205397355 0.779659189719602 0.802299250994434 0.834701716929788 0.857918197149369 0.875511703434197 0.885777063989181 0.887325397370133
10 NA 0.469137973318799 0.573875155084114 0.652218722597535 0.712835737545174 0.760879456196167 0.78452224538506 0.81894693450973 0.841648188961723 0.859222345488393 0.870409493908327 0.872242276705619
20 NA 0.451060263921671 0.553976002339103 0.632181225905453 0.693816388763109 0.743713636683687 0.768740256400035 0.805934207590884 0.828160419344841 0.845720379892383 0.857805987968067 0.859920176992452
25 NA 0.445277223202715 0.547636481024234 0.625845208159705 0.687877975620134 0.738466314493754 0.764005929278624 0.802229096438865 0.824308815325317 0.841859946078232 0.854218674029345 0.856420134546953
30 NA 0.440569134888178 0.542481711471527 0.620706660241351 0.683084864044364 0.734267063170571 0.760247381604845 0.799356700008266 0.821318701297285 0.838860311753192 0.851434826694354 0.853706028874619
50 NA 0.427471807259809 0.528162405787782 0.6064838038248 0.669912791676298 0.72288189038297 0.750190304786138 0.791982820883128 0.813623477129441 0.831125605285861 0.844265980116787 0.846724281722739
100 NA 0.427471807259809 0.528162405787782 0.6064838038248 0.669912791676298 0.72288189038297 0.750190304786138 0.791982820883128 0.813623477129441 0.831125605285861 0.844265980116787 0.846724281722739
