"A = 1000km^2" "0.25" "0.5" "1" "2" "4" "8" "12" "24" "48" "96" "192" "216"
0.5 NA 0.545190527027213 0.662828066074916 0.748662084345846 0.813179137454115 0.86263614742978 0.886252109949028 0.919538224781817 0.945188745261371 0.964253882331699 0.9744802028413 0.975890200382463
1 NA 0.528581399308606 0.641853021630744 0.724179593170637 0.78582291729458 0.832902539413875 0.855319959546721 0.886837873631504 0.91156243622632 0.929684927285258 0.938758023450419 0.939895978508783
2 NA 0.511020602584921 0.621078077965983 0.701327748094919 0.761627922466184 0.80785663660456 0.82994012038704 0.861090103333982 0.885093303284418 0.902836004587876 0.912093944475303 0.913322437099734
5 NA 0.487176969569622 0.593975152273437 0.672800604753163 0.73285308928578 0.779611214134003 0.802256582751645 0.834666531256902 0.857888579656064 0.875486322082614 0.885754486881967 0.887303245505433
10 NA 0.469018338634238 0.573781213639729 0.652143395910397 0.712774417000766 0.760828964565974 0.784476986090422 0.818909168026877 0.841615781887962 0.859194083182475 0.870384151206792 0.872217404195164
20 NA 0.450942049827134 0.553881727529773 0.63210450865756 0.69375309123579 0.743660918538637 0.76869274526272 0.805894309477493 0.8281256997204 0.845689729613505 0.857778377101541 0.859893081860497
25 NA 0.445159498515478 0.547542133944794 0.625768080529921 0.687814083594371 0.73841293080913 0.763957752691105 0.802188591386733 0.82427343532264 0.841828613038648 0.854190417578969 0.856392408088376
30 NA 0.440451821074831 0.542387317663432 0.62062921014873 0.683020500193843 0.734213152185279 0.760198680285441 0.799315724425401 0.821282808623468 0.838828448194877 0.851406069254404 0.853677812854217
50 NA 0.427355695078737 0.528067938758945 0.606405509665699 0.669847168440411 0.722826574230508 0.750140215777058 0.791940637376203 0.81358626506803 0.831092373758581 0.844235932549558 0.846694806356797
100 NA 0.427355695078737 0.528067938758945 0.606405509665699 0.669847168440411 0.722826574230508 0.750140215777058 0.791940637376203 0.81358626506803 0.831092373758581 0.844235932549558 0.846694806356797
