"A = 200km^2" "0.25" "0.5" "1" "2" "4" "8" "12" "24" "48" "96" "192" "216"
0.5 0.605513710021297 0.708680750905122 0.781808677729013 0.835937164601669 0.877104916209222 0.908975435459822 0.924299472603077 0.946027859185768 0.962818796226632 0.975318956384439 0.98180303908749 0.982690738960565
1 0.593416447023886 0.69384566688045 0.764764958992753 0.817059073549978 0.856681373168442 0.887242061232495 0.901894043864512 0.922615029761568 0.938980535751843 0.95098300062413 0.956747327880713 0.957456102015335
2 0.579320683855821 0.677823654683194 0.747588467868945 0.799198709542755 0.838441572902199 0.868825853328745 0.883441258444898 0.904180115981641 0.920216118730837 0.932081816191519 0.938045012574448 0.938826065445583
5 0.559016454956474 0.655620076895974 0.724780385825359 0.776573995612752 0.816504169563072 0.847903367239481 0.863215596466623 0.885261340982101 0.900930229003203 0.912828105380407 0.919570388291858 0.920584669485007
10 0.542967149052513 0.638394220950427 0.707506428303706 0.759960861755353 0.801024445085051 0.833881514277749 0.85015552891528 0.873979368633122 0.889394166825066 0.901358646596434 0.908789559731137 0.910008368382736
20 0.526617991927785 0.620984178311705 0.690254657796565 0.743658269848068 0.786221072868188 0.820976553020162 0.838503904494657 0.864660977469793 0.879830818905987 0.891851811617347 0.899947808166571 0.90136809826375
25 0.521320557524793 0.615359758582225 0.684710719001917 0.738464634077946 0.781570432824054 0.817013501545711 0.834996689958416 0.862007753803958 0.87709988337465 0.889133651290403 0.897431195822305 0.898913864581099
30 0.516985595904334 0.610761069370467 0.680185750698248 0.734238828588513 0.777806618089829 0.813835574706515 0.832208105546053 0.859950835704977 0.874979777413469 0.887021586323049 0.895478240299743 0.897010730644001
50 0.504826873202235 0.597874320136178 0.667535024618553 0.722477706361731 0.767416000253019 0.805189715603022 0.824726957440803 0.854670413660645 0.869523567222846 0.881575521639079 0.890449071372955 0.892115121721908
100 0.504826873202235 0.597874320136178 0.667535024618553 0.722477706361731 0.767416000253019 0.805189715603022 0.824726957440803 0.854670413660645 0.869523567222846 0.881575521639079 0.890449071372955 0.892115121721908
