"A = 13km^2" "0.25" "0.5" "1" "2" "4" "8" "12" "24" "48" "96" "192" "216"
0.5 0.834052816160341 0.869608699471278 0.89688801356718 0.918296411036482 0.935318080921216 0.948960872316161 0.955673771479433 0.965375237656125 0.97310976680133 0.979176634781017 0.983266669046049 0.983863214468585
1 0.83023955450147 0.865422935968104 0.892372062819226 0.913486497529211 0.930246581965439 0.943657322039643 0.950247231851931 0.959758853013322 0.967445991166261 0.973432260501147 0.977364287457051 0.977919708152266
2 0.825601566512657 0.86073612748483 0.887684866031679 0.908830283627734 0.925641985733842 0.939117611147682 0.945749435313484 0.955336595251602 0.962987719219688 0.9689707353906 0.972958577292836 0.973531781340959
5 0.818652629863746 0.854010228758222 0.881270440445402 0.902783251412728 0.919997212862215 0.933895119330377 0.940778712951519 0.950798266481383 0.958405549624909 0.964425998283714 0.968606504373041 0.969235390933382
10 0.812961013853843 0.848623239876776 0.876274608713708 0.898236236998204 0.915937768834281 0.930348489805942 0.937539579513958 0.948091891481024 0.955664675643845 0.961718692900207 0.966066861275872 0.96674435797178
20 0.806988999711038 0.843033153561171 0.871168546872323 0.893685381936503 0.911993037175074 0.927046293102537 0.934625617537022 0.945856549990377 0.953392502429232 0.959474654536778 0.963984007142596 0.964709317795123
25 0.805016306856319 0.841196037617869 0.86950291809369 0.892216914595785 0.910740707628166 0.926024292616831 0.933743446432208 0.945220081651556 0.952743654492543 0.95883304709697 0.963391167999263 0.964131272886999
30 0.803388224508191 0.839682578985427 0.868134457128393 0.891015386064048 0.909722531370008 0.925201954377777 0.933040236595696 0.944726658024137 0.952239934663682 0.958334505276982 0.962931109666639 0.963683028333273
50 0.798754854081351 0.83538651876913 0.864265501914833 0.887639403672158 0.9068897965541 0.922951654370546 0.931145385585854 0.943459964420388 0.950943583767183 0.957048990370347 0.961746386797012 0.962529967062217
100 0.798754854081351 0.83538651876913 0.864265501914833 0.887639403672158 0.9068897965541 0.922951654370546 0.931145385585854 0.943459964420388 0.950943583767183 0.957048990370347 0.961746386797012 0.962529967062217
