"A = 250km^2" "0.25" "0.5" "1" "2" "4" "8" "12" "24" "48" "96" "192" "216"
0.5 0.578934085854078 0.689791888239756 0.768128602465479 0.82596919032924 0.869872088880452 0.903803842137553 0.920100202559855 0.943184519899913 0.961010058291936 0.974267866432739 0.981142504933791 0.982083311769642
1 0.566633858839566 0.67444180300623 0.750333729930776 0.806153989102697 0.848361802021484 0.880861996746382 0.896425728145411 0.918414393546891 0.93576134579203 0.948471640730952 0.954573516331752 0.95532339445151
2 0.552351707100125 0.657912362069613 0.732443310407614 0.7874421129257 0.829177316015899 0.861437796796744 0.876937918196749 0.89891076434589 0.915886683750613 0.928436297781736 0.934741646539548 0.935567285444578
5 0.531844615145444 0.635070534564755 0.708745457978076 0.763786819831453 0.806139629422563 0.839392683166853 0.855592159077469 0.878895223349438 0.895459694727949 0.908027275240263 0.915151219513142 0.916223308008652
10 0.515681411486254 0.617395167607111 0.690838348531423 0.746450519200397 0.789908686507562 0.824634445272413 0.841819118646415 0.866959208460667 0.883241071744747 0.895869595863181 0.903719266582872 0.905007733810271
20 0.499255149960368 0.599568648056219 0.672987607532027 0.729465496249691 0.774407184826777 0.811064644006016 0.829539785547504 0.857100608188973 0.873111883736219 0.885792306799803 0.894343504122875 0.89584521189675
25 0.49394090799023 0.593817592107162 0.667258117834945 0.724060070036557 0.76954138291517 0.806900078735851 0.825845368194084 0.854293570890968 0.870219365376524 0.882911044277054 0.891674897187764 0.893242634710099
30 0.4895951315696 0.589118196364167 0.662584176494038 0.719663935052626 0.765604905576164 0.803561496802758 0.822908555987488 0.852117408399607 0.86797381789038 0.880672245639706 0.889603989976589 0.891224467897847
50 0.477420097582661 0.575962737160805 0.649528686974882 0.707438151525147 0.754744491385753 0.794482891171675 0.815032587011536 0.84653086783821 0.862194776983105 0.874899391877236 0.884271076821947 0.886032949182462
100 0.477420097582661 0.575962737160805 0.649528686974882 0.707438151525147 0.754744491385753 0.794482891171675 0.815032587011536 0.84653086783821 0.862194776983105 0.874899391877236 0.884271076821947 0.886032949182462
