"A = 85km^2" "0.25" "0.5" "1" "2" "4" "8" "12" "24" "48" "96" "192" "216"
0.5 0.694702867332227 0.771867102298371 0.827376909702581 0.868944095749457 0.900851922436798 0.92574034049472 0.937769263238136 0.954900344072439 0.968198377119702 0.978166764532677 0.983466999627872 0.984198256440328
1 0.684191427424705 0.759611729172881 0.813677130073651 0.854019983382837 0.884879129957702 0.908866193474577 0.920427960333329 0.936852364384874 0.949891426943442 0.959526305649039 0.964296037062225 0.964892745892258
2 0.671777876475176 0.746225426083612 0.799742715798086 0.839798669112876 0.870540317355076 0.894522246808641 0.906117389660834 0.922641653521442 0.935481011055361 0.945048684357387 0.949986270172416 0.95064001983605
5 0.653675931326321 0.72747105702027 0.781064556578109 0.821642861131746 0.853191389043724 0.878162229920703 0.890391388582485 0.90805795410097 0.920670122369836 0.930301040654099 0.93585071729934 0.936684619451541
10 0.639208374103136 0.712776063466911 0.766794441834128 0.808211840068507 0.84087647340874 0.867152498392017 0.880207719876786 0.899361149280806 0.911810830151399 0.921515851488489 0.927601944831515 0.928593324421912
20 0.624335146026057 0.697801997766463 0.752439840549201 0.794950552850307 0.829040471715791 0.856982816120573 0.871098541032189 0.892177987801711 0.904466513477874 0.914233960927599 0.920836825020699 0.921983170834908
25 0.619487200827717 0.692938806550496 0.747805391612584 0.790708913816202 0.825309849609151 0.853852126045484 0.868351669652103 0.890132727659933 0.902369250518622 0.912151948767791 0.918911280754723 0.920105583519082
30 0.61550965717837 0.688953239969207 0.744015024236121 0.787251676809074 0.822286287295529 0.851338963574903 0.866165877542964 0.888547134761408 0.900741083302278 0.910534183656311 0.917417009173029 0.918649609637754
50 0.604303489683023 0.677740215985545 0.733381273199544 0.777601122286563 0.813918984122509 0.844489165246569 0.860293791050921 0.884476676293053 0.896550904735491 0.906362695763292 0.913569023840021 0.914904272231481
100 0.604303489683023 0.677740215985545 0.733381273199544 0.777601122286563 0.813918984122509 0.844489165246569 0.860293791050921 0.884476676293053 0.896550904735491 0.906362695763292 0.913569023840021 0.914904272231481
