"A = 120km^2" "0.25" "0.5" "1" "2" "4" "8" "12" "24" "48" "96" "192" "216"
0.5 0.66104931170705 0.748065334557885 0.810251652262696 0.856580195806175 0.891998943483809 0.919535425488087 0.932814390082083 0.951689976406543 0.966310334275619 0.977231853164837 0.982952758967551 0.983738576441365
1 0.649757384222742 0.734664420782384 0.795123076912035 0.839999450848995 0.874182759975659 0.900663423277977 0.913397414277898 0.931451658228453 0.945752554128438 0.956279102636887 0.961395560873339 0.962029208915239
2 0.636494090164463 0.720093367922925 0.779792478715083 0.824245180929707 0.858222390903076 0.884641628436825 0.897386814964548 0.915516307404166 0.929570385126811 0.940005576912239 0.945304638027433 0.946001781542469
5 0.617248555901217 0.69976873096491 0.759320727919877 0.804195364601851 0.838957933625099 0.866396776426376 0.879810923074267 0.899162701394265 0.912938505406276 0.923428533325544 0.92940961385154 0.93030870182996
10 0.601935514426802 0.683906999078112 0.743735272691354 0.789407560791193 0.825316011655351 0.85413910997732 0.868442441802049 0.889410435150056 0.902989967832691 0.913553568439919 0.920134105565816 0.921209906067829
20 0.586251199559448 0.667797355514887 0.728102975479487 0.7748428215162 0.81223106164434 0.842833284306575 0.858284149027318 0.881355510994822 0.894742671256695 0.905368381731448 0.91252692218139 0.913776678478893
25 0.581151164604821 0.662576564874467 0.723065497824182 0.770191765706716 0.808112226919501 0.839356255723366 0.855223140931229 0.87906203403935 0.892387550911033 0.903028102361023 0.910361702827449 0.911665300331179
30 0.57697122762928 0.658301964965558 0.718948901267446 0.766403492276723 0.804775956474479 0.83656627644663 0.852788166053633 0.877284010452401 0.890559201385077 0.901209658458689 0.908681437249609 0.910028033499024
50 0.565216136775791 0.646295071931932 0.707416094823475 0.755841492983532 0.79555229998119 0.828967583669269 0.84625028664669 0.872719553098207 0.885853842550096 0.896520710311093 0.904354488000022 0.905816339327058
100 0.565216136775791 0.646295071931932 0.707416094823475 0.755841492983532 0.79555229998119 0.828967583669269 0.84625028664669 0.872719553098207 0.885853842550096 0.896520710311093 0.904354488000022 0.905816339327058
