"A = 88km^2" "0.25" "0.5" "1" "2" "4" "8" "12" "24" "48" "96" "192" "216"
0.5 0.691448778209655 0.769568067228161 0.825725201784425 0.867754102549897 0.900002447163742 0.925147745580385 0.937297951242994 0.954598318611139 0.96802447720623 0.978084893042303 0.983424216099732 0.984160475920255
1 0.680851000227864 0.757191604793446 0.811877211794255 0.852659859394041 0.88384148111159 0.908070447343533 0.919745931008034 0.936328444913052 0.949489917215571 0.959210903404607 0.96401240522729 0.964612357429914
2 0.668342299228268 0.743679228586001 0.797797313176139 0.838280612762448 0.869336782118937 0.893555672345493 0.90526264148218 0.92194301800492 0.934900337018082 0.944551904077236 0.949522862120495 0.950180520620243
5 0.650110691100089 0.724756605411287 0.778931352441404 0.819928976627322 0.851791392908939 0.877003446503962 0.889348502677533 0.907180016767365 0.919905304955734 0.929619499452765 0.935209721712969 0.936049745906087
10 0.635546052219673 0.709935752437656 0.764522862965977 0.80635717716981 0.839340021403321 0.865866236158217 0.879044197028093 0.898376287574852 0.910935865397727 0.920724247983261 0.926857318408913 0.927856769419624
20 0.620578600131308 0.694838463620032 0.750033302389612 0.792960236460469 0.827375301253079 0.855580316949653 0.869828084260583 0.891104811473488 0.903500237034442 0.913351128692206 0.92000720716138 0.921163547542048
25 0.6157011258342 0.689936312086061 0.745356167017047 0.788675902747929 0.823604609276325 0.852414156637218 0.867049169817802 0.889034405526845 0.901376898861771 0.911243032739467 0.918057471930839 0.919262365015208
30 0.611699782927016 0.685919197963442 0.741531205451454 0.785184113969632 0.820548748997671 0.849872630898315 0.864837951719819 0.88742931828195 0.89972848868664 0.909604999998916 0.91654442754214 0.917788094242613
50 0.600428622858895 0.674619248208597 0.730801916487416 0.775438282583155 0.812092897524435 0.842946038534495 0.858897890378834 0.883308814857327 0.895486213743521 0.905381251015155 0.912648099266056 0.913995690036476
100 0.600428622858895 0.674619248208597 0.730801916487416 0.775438282583155 0.812092897524435 0.842946038534495 0.858897890378834 0.883308814857327 0.895486213743521 0.905381251015155 0.912648099266056 0.913995690036476
