"A = 48km^2" "0.25" "0.5" "1" "2" "4" "8" "12" "24" "48" "96" "192" "216"
0.5 0.744394101695515 0.806898296568997 0.852468726960065 0.886944178132855 0.913619882680493 0.934559692266718 0.94472367119614 0.959250716197946 0.970583999012244 0.979151250034297 0.983904032972672 0.984567376081576
1 0.735531490708408 0.796807372566078 0.841340633249839 0.874924151485803 0.900827077416647 0.921096262959159 0.930910280904508 0.944904645501589 0.956062354679089 0.96438608868594 0.968725774700693 0.969283253728129
2 0.72497084007213 0.785701767434594 0.829952024868954 0.863415096831162 0.889303261005508 0.909627409661105 0.919495850771536 0.933608762736787 0.944631562974038 0.952918323023836 0.957396279015665 0.957999407679569
5 0.70944375355136 0.770028735012159 0.814589887577661 0.848645236797326 0.875304526646669 0.896512307325487 0.906930812085737 0.922016396913999 0.932883103745256 0.941236671829173 0.946204714085627 0.94695095358989
10 0.696941626287883 0.757666145923432 0.802784435480805 0.837664643970311 0.865328197013052 0.887661838579241 0.898778527666346 0.915103436076148 0.925855636613867 0.934277898103923 0.939673899656528 0.940545096416479
20 0.684009445730565 0.744999286091327 0.790851660728699 0.826778075178256 0.855707689178288 0.879466815187717 0.891473695339037 0.90939364782359 0.920029895374821 0.928509891547658 0.934317740028245 0.93531185506048
25 0.67977722786983 0.740870692299984 0.786987042578149 0.82328667403272 0.852668726882776 0.876939909691074 0.889268276893026 0.907767900948077 0.918366280929262 0.926860723699339 0.932793225644419 0.933825374079161
30 0.676298702531818 0.737481829306585 0.78382195430265 0.820437604786355 0.850203376219963 0.8749099836949 0.887512400479169 0.906507536729386 0.917074767869849 0.925579287279568 0.931610163504594 0.932672683354394
50 0.666468731157963 0.727921973649015 0.774921651347045 0.812468901640428 0.843369776092579 0.869370544360599 0.88279094015488 0.903271989816961 0.913750987433816 0.92227503966487 0.928563591637835 0.929707509497434
100 0.666468731157963 0.727921973649015 0.774921651347045 0.812468901640428 0.843369776092579 0.869370544360599 0.88279094015488 0.903271989816961 0.913750987433816 0.92227503966487 0.928563591637835 0.929707509497434
