"A = 500km^2" "0.25" "0.5" "1" "2" "4" "8" "12" "24" "48" "96" "192" "216"
0.5 0.486286601582951 0.623795457218414 0.720177208393302 0.790873713315577 0.844245787703654 0.885310890948571 0.904971086210202 0.932744800040123 0.954159640887261 0.970066620425989 0.978403031250184 0.979546211973515
1 0.4740350948679 0.607354417774388 0.700438851790754 0.768450488086463 0.819597516819441 0.858803408479713 0.877519441975053 0.903891012957351 0.924631241068128 0.939813463896784 0.947199460340382 0.948112796269736
2 0.459963427481551 0.589811507713357 0.680742205304657 0.747398634811392 0.797706135657138 0.836417721942028 0.854958923157218 0.881171970014789 0.901387799762702 0.916316523942621 0.923908202829453 0.924906372284141
5 0.439957731967649 0.565781803808867 0.654849786161683 0.720952425365661 0.77154473881226 0.811092062954433 0.830299109902372 0.857856620305738 0.877498411384403 0.892381342079467 0.90090050434202 0.902184056782218
10 0.424329139448777 0.547335241015169 0.635421723337738 0.701686812361126 0.75320155779664 0.794194570894694 0.814424629491756 0.843952806198816 0.863208717021232 0.878123125335718 0.887474409760841 0.889009733336331
20 0.408561776369669 0.52885247634692 0.616166478723813 0.682905065356589 0.735753689490956 0.778703577213812 0.800301735991895 0.832468894121843 0.851362619389121 0.866304737368858 0.876463178842871 0.878247018460246
25 0.403484821226386 0.522914964603111 0.610009269372085 0.676947053569644 0.7302914684002 0.773958816580761 0.796058883487536 0.829199082116215 0.847979815667562 0.862925666061677 0.87332907136978 0.875189912952907
30 0.399341720487187 0.518072226595854 0.604994616941319 0.672108313832987 0.725877603805175 0.770158430525331 0.792688307135331 0.826664152407405 0.845353645165445 0.860300060037136 0.870896923839461 0.872819282445536
50 0.387775506480658 0.504558266353434 0.591026236052191 0.658683599573141 0.713723986782176 0.759839363883636 0.783659208844552 0.820156601755845 0.838595049831849 0.85352980416656 0.864633759807544 0.866721088494687
100 0.387775506480658 0.504558266353434 0.591026236052191 0.658683599573141 0.713723986782176 0.759839363883636 0.783659208844552 0.820156601755845 0.838595049831849 0.85352980416656 0.864633759807544 0.866721088494687
