"A = 123km^2" "0.25" "0.5" "1" "2" "4" "8" "12" "24" "48" "96" "192" "216"
0.5 0.65852545846737 0.74627818284645 0.808963680911039 0.855648152463963 0.89132930245443 0.919063655384685 0.932436009284937 0.951441900744085 0.966161195398699 0.977154310587624 0.982908148587058 0.983698295462197
1 0.647184554471256 0.732800417276607 0.793736762220354 0.838951870028376 0.873383552669062 0.900050531812324 0.912872108610059 0.931048130318681 0.945443307402644 0.956036820916572 0.961180807360885 0.961817511051844
2 0.633868894910579 0.718150579630318 0.778310613267221 0.823091109122229 0.857309509780458 0.88391040234376 0.896741288729359 0.914990378706167 0.929135108632704 0.939635346038922 0.944962884707435 0.945663531320554
5 0.614554221657922 0.697722479358796 0.757716868192361 0.802910303431426 0.837911190489402 0.865532875025088 0.879034741189324 0.898511159254302 0.912373696712402 0.922927966916947 0.928942406881023 0.92984653925431
10 0.599191072385446 0.68178456872539 0.742042486036714 0.7880290776036 0.824176830962919 0.853187548898805 0.867582694948797 0.888683985021656 0.902347678061631 0.912975360995542 0.919593690378563 0.920675899518933
20 0.583459590313464 0.665601377895309 0.72632425714587 0.773374927777571 0.811005122230607 0.841802065296665 0.8573505036434 0.880567190307275 0.894036149992529 0.904725818982373 0.91192646625968 0.913183979261428
25 0.578345096730275 0.660357555617107 0.721259769128801 0.768695858950754 0.806859370239806 0.838300784956668 0.854267388051318 0.87825609695978 0.891662687527743 0.902367139372916 0.90974415761609 0.911055929699262
30 0.574153626880785 0.656064387328374 0.71712134371468 0.764884960867956 0.803501435544798 0.835491433018973 0.851814883940909 0.876464416222077 0.889820098472641 0.900534398116645 0.908050630312551 0.90940573502945
50 0.562367623837701 0.644006720204639 0.705528543447063 0.754260789106368 0.794218534630701 0.827840380575267 0.845230200806831 0.871864898881809 0.885078093420225 0.895808583530017 0.903689530024693 0.905160785374964
100 0.562367623837701 0.644006720204639 0.705528543447063 0.754260789106368 0.794218534630701 0.827840380575267 0.845230200806831 0.871864898881809 0.885078093420225 0.895808583530017 0.903689530024693 0.905160785374964
