"A = 20km^2" "0.25" "0.5" "1" "2" "4" "8" "12" "24" "48" "96" "192" "216"
0.5 0.807755751853082 0.851301277221375 0.884007157641932 0.909295161400193 0.92918550599239 0.944998597667894 0.952738762327512 0.963877857808156 0.972677160846193 0.979472570562522 0.983700765712464 0.984307266017642
1 0.802113867559375 0.845046003125114 0.877217133504946 0.902034542657243 0.921509799248195 0.936957308763411 0.944504689907982 0.955347562427118 0.964065364604193 0.970731910027837 0.974719072127682 0.975263084515439
2 0.795298006426141 0.838081688967862 0.87020227425485 0.895031302237984 0.91455884900111 0.930085112654541 0.937686717424766 0.948630934674976 0.957286542124436 0.96394323739644 0.968014873471314 0.968586014720648
5 0.785149449279235 0.82814243845875 0.860648030617268 0.885971852266675 0.906063286193911 0.92219490552683 0.930161639183923 0.941738015580513 0.950319332715187 0.957027949092563 0.96139229496892 0.962048235069644
10 0.776884022969157 0.820221902326174 0.853239629518162 0.879185169851971 0.899971934512055 0.916847757587956 0.925265022008763 0.937627510400903 0.946151821540526 0.95290850349796 0.957527703063173 0.958257652031001
20 0.768252348068767 0.812037233820343 0.845695506371714 0.872413907757397 0.894067635638064 0.911878203144487 0.920865725817734 0.934232421850986 0.942696971982289 0.949493966664893 0.954358209982322 0.955160949219157
25 0.765409903095771 0.809354786953267 0.843240422786846 0.870233380996006 0.89219629599274 0.910342046198443 0.919535084678444 0.933265738962239 0.941710395785977 0.948517694480202 0.953456082688415 0.954281343345576
30 0.763067216445301 0.807147594364123 0.841225468768684 0.868450814935375 0.890675947155639 0.90910666285736 0.918474808844127 0.932516315701983 0.94094448752818 0.947759111456437 0.952756008843231 0.953599253534358
50 0.756415775320979 0.80089525305222 0.835538901643919 0.863449819868652 0.886451263275733 0.905729165375287 0.915619781781982 0.93059243205005 0.938973380178931 0.945803067357683 0.950953208119925 0.951844650297889
100 0.756415775320979 0.80089525305222 0.835538901643919 0.863449819868652 0.886451263275733 0.905729165375287 0.915619781781982 0.93059243205005 0.938973380178931 0.945803067357683 0.950953208119925 0.951844650297889
