"A = 19km^2" "0.25" "0.5" "1" "2" "4" "8" "12" "24" "48" "96" "192" "216"
0.5 0.811043453981367 0.853594695397655 0.885625454955142 0.910430954192998 0.929964654198793 0.945508035908201 0.95312058496537 0.964081153356897 0.972747832693787 0.979451898499144 0.983659798088143 0.9842645359383
1 0.805611849709333 0.847580275354711 0.879101946926015 0.903458818402285 0.922596389952838 0.937790587143171 0.945218887902743 0.95589619314183 0.964485811983635 0.971067009490471 0.975043790702692 0.975588579513887
2 0.799044739251352 0.84087957915912 0.872358702053376 0.896730938812933 0.915921786373696 0.931193898510197 0.938675346066564 0.949451477164832 0.957982317225473 0.964554656527601 0.968612550915724 0.969183360139612
5 0.789259312599846 0.831310270236984 0.863169192266894 0.88802362554627 0.907761055411224 0.923618231867152 0.931452043482792 0.942837606714429 0.951298087035442 0.957920841536058 0.962259608149558 0.96291175984602
10 0.781284274395917 0.823679953172975 0.856039854168457 0.881497826399139 0.901907695784491 0.918482972926522 0.926750989029985 0.938893508666697 0.947299842921524 0.953969069933563 0.958552361616667 0.959275506719259
20 0.772951171733899 0.815791241020744 0.848776736963849 0.874984437823313 0.89623237531501 0.913709308107003 0.922526735320961 0.935635864767346 0.943985315057824 0.95069351515739 0.955511913227398 0.956304883158865
25 0.770206040964041 0.813204950516442 0.846412431498757 0.872886447728783 0.89443325571439 0.912233488740409 0.921248901579407 0.934708316466666 0.943038809504625 0.949756980226373 0.954646515699243 0.955461089585285
30 0.767943190992482 0.811076572597027 0.844471739730926 0.871171173698343 0.89297145553387 0.911046553173347 0.920230654845355 0.933989232390975 0.942304009271297 0.949029273843899 0.953974945091369 0.954806770399163
50 0.761516636349538 0.805046011408513 0.838993590880946 0.866358103052431 0.888908871959268 0.907801157204476 0.917488575635046 0.932143234046711 0.940412960147074 0.947152846702147 0.952245544706032 0.953123604131654
100 0.761516636349538 0.805046011408513 0.838993590880946 0.866358103052431 0.888908871959268 0.907801157204476 0.917488575635046 0.932143234046711 0.940412960147074 0.947152846702147 0.952245544706032 0.953123604131654
