"A = 35km^2" "0.25" "0.5" "1" "2" "4" "8" "12" "24" "48" "96" "192" "216"
0.5 0.76891089382962 0.824120620995192 0.86474302930425 0.895686121631347 0.919754131800711 0.938724618039465 0.947957926493785 0.961184668804349 0.971541930804193 0.979421286206958 0.983944052809784 0.984580765805369
1 0.761123684154071 0.815348800841972 0.855130443378385 0.885344542106584 0.908776871988874 0.927192755329528 0.93613554863226 0.948918577757167 0.959138462619923 0.966818560288806 0.970991105841832 0.971537640113977
2 0.751798362318109 0.805654591649271 0.845259276049598 0.875416298679633 0.89886963449188 0.917357834408917 0.926359155439109 0.939260440042389 0.949375004847382 0.957030309139815 0.961322647567359 0.961908260101818
5 0.73802500925143 0.791918066750387 0.83189754509317 0.862638403921285 0.886808087846414 0.906094920688582 0.915587020215324 0.929348805167296 0.939340215610347 0.947059497117894 0.951771897775811 0.952479758284389
10 0.726889200400547 0.781042940397415 0.821596093854678 0.85311261179412 0.87819344309464 0.898482739260434 0.908590605882968 0.923438126986669 0.933337798598853 0.941119872354124 0.946198577606801 0.947013144085567
20 0.715330780209911 0.769866066909657 0.811155655208831 0.843646831559903 0.869870668408497 0.891424852090118 0.902315459834419 0.918556178190488 0.928361819677285 0.9361966206532 0.941627694019643 0.942547213808301
25 0.711539681700646 0.766215876464237 0.80776848381576 0.840606592231589 0.867238454908047 0.889246624495072 0.900419660207355 0.917166141879028 0.926940865660441 0.934788982098156 0.940326691387343 0.941278684426708
30 0.708420639794886 0.763217077604376 0.804992305904825 0.838124074444925 0.865101947724775 0.887496108990686 0.898909845697458 0.916088512848313 0.92583773706326 0.93369521877252 0.939317080081332 0.940295004130336
50 0.69959163515417 0.754744939534228 0.79717549740649 0.831172957537512 0.859174540795704 0.882715940381502 0.894847976092302 0.913322074995382 0.922998774481336 0.930874895575823 0.936717171507037 0.937764591561082
100 0.69959163515417 0.754744939534228 0.79717549740649 0.831172957537512 0.859174540795704 0.882715940381502 0.894847976092302 0.913322074995382 0.922998774481336 0.930874895575823 0.936717171507037 0.937764591561082
