"A = 31km^2" "0.25" "0.5" "1" "2" "4" "8" "12" "24" "48" "96" "192" "216"
0.5 0.77781626337963 0.830364402565233 0.869180901071207 0.898834376275287 0.921950031007469 0.940201032902145 0.949094213486522 0.961845578137804 0.971847019817214 0.979477174919875 0.983924225219313 0.984552608680351
1 0.770469664879299 0.822119921560976 0.86016632668161 0.889149951365385 0.911680047404428 0.929419125660228 0.938043757538676 0.950384420596025 0.960261822584546 0.967708809477249 0.971829517971862 0.972373732756669
2 0.761655208912438 0.812993889698754 0.850897141625551 0.879843122011222 0.902404350279787 0.920219676018077 0.928903110757056 0.941360075555419 0.951142471263828 0.958568587170293 0.962801674913964 0.963382404514891
5 0.748613591934232 0.800042371122869 0.838333445724899 0.867851744023128 0.891102095336245 0.909678644766772 0.918827788332017 0.93209886851211 0.941769688524985 0.949257890389632 0.953883741179793 0.954578644089854
10 0.73805267190926 0.789774177722335 0.828635198789064 0.858902853853292 0.883022950845462 0.902550172706407 0.912281295544521 0.926576064747949 0.936163257814012 0.943711497072338 0.948679699504392 0.949474252885985
20 0.727076467512535 0.779208658123921 0.818795982267481 0.850002542522024 0.875211981875167 0.895937372104666 0.906407520622943 0.922014482411025 0.931515549900746 0.939114188080713 0.944411674707746 0.945304239346475
25 0.723473230508695 0.775755487146946 0.815601732556604 0.84714229463044 0.872740486174873 0.89389580517905 0.904632528607967 0.920715663977903 0.93018833784206 0.937799741901809 0.943196874245367 0.944119763914013
30 0.720507617727722 0.772917592085889 0.812982908072829 0.844806167380636 0.870734021875256 0.892254867155122 0.903218765041578 0.91970875182919 0.929157983897383 0.936778390917315 0.942254158027187 0.943201263198652
50 0.71210744826252 0.764895419266882 0.805605470957986 0.83826217955163 0.865165479373699 0.887772768432298 0.899414562699074 0.917123854983079 0.926506310916961 0.934144786547863 0.939826514869685 0.940838518144604
100 0.71210744826252 0.764895419266882 0.805605470957986 0.83826217955163 0.865165479373699 0.887772768432298 0.899414562699074 0.917123854983079 0.926506310916961 0.934144786547863 0.939826514869685 0.940838518144604
