"A = 970km^2" "0.25" "0.5" "1" "2" "4" "8" "12" "24" "48" "96" "192" "216"
0.5 NA 0.548939286891678 0.665567769804711 0.750683287440078 0.814671432610776 0.863730258421637 0.88715855383838 0.92018319229921 0.945632485238087 0.964546953475157 0.974680220785615 0.976076987396269
1 NA 0.532315113988117 0.644629895976048 0.726277962554491 0.787423779118802 0.834130199048185 0.856372179393498 0.887646165072822 0.912181876606185 0.930164258461261 0.939153850828098 0.940280514281941
2 NA 0.514731339259672 0.623884959457277 0.703492319764546 0.763320373588289 0.809193982310125 0.831110155218392 0.862026993604651 0.885851047196913 0.903459999703206 0.912635929738205 0.913852965328672
5 NA 0.490847289313371 0.596812137139226 0.675039946830348 0.734648374014085 0.781068333760043 0.803552594687879 0.835735395690659 0.858788470626807 0.876257679267371 0.886440850633371 0.887976720646104
10 NA 0.472651528170565 0.576634405343303 0.654431450256124 0.714637222692416 0.762362961803815 0.785852097540722 0.820056733584717 0.842600699649044 0.860053224129967 0.871154766724759 0.872973759482915
20 NA 0.454533117544307 0.556745874156804 0.634435470477724 0.695676482582751 0.745262963718661 0.770136611263251 0.807106878550367 0.82918110433964 0.846621632995727 0.858618090572846 0.860717145778263
25 NA 0.448736024424239 0.550408737865743 0.62811171901409 0.689755700338541 0.740035320115302 0.765421938788907 0.803419668897536 0.825348968359989 0.842781320396516 0.855049798280355 0.857235704367873
30 NA 0.444016128530936 0.545255553311759 0.622982814677676 0.684976583978694 0.735851661217218 0.761678890308315 0.800561150647717 0.822373967946657 0.839797320658132 0.852280712229173 0.8545360228563
50 NA 0.430884222241408 0.530938984551702 0.608785225868412 0.671841878720273 0.724508045476564 0.751662805784491 0.793222898926391 0.81471763950386 0.832102928750982 0.845149878288863 0.847591380318414
100 NA 0.430884222241408 0.530938984551702 0.608785225868412 0.671841878720273 0.724508045476564 0.751662805784491 0.793222898926391 0.81471763950386 0.832102928750982 0.845149878288863 0.847591380318414
