"A = 800km^2" "0.25" "0.5" "1" "2" "4" "8" "12" "24" "48" "96" "192" "216"
0.5 0.413767817632964 0.572002839986086 0.682413799456905 0.763101899771983 0.823830727949675 0.870435661285955 0.892707362710585 0.924120441649248 0.948330133677302 0.96631774425035 0.975884467636662 0.97720086423604
1 0.402232440900073 0.555333720080386 0.661749516035137 0.739214553169744 0.797293201638451 0.841698804569287 0.862859186638142 0.892629337032251 0.916000768869161 0.933120890253406 0.941602903539732 0.942661271152384
2 0.389080665777955 0.537657487229813 0.641233087764264 0.716876415869772 0.773790655790756 0.817472531873003 0.838356001940707 0.867833709475636 0.890552532663934 0.907337647295591 0.916014141933983 0.917161642065212
5 0.370507682252312 0.51358913103984 0.614401814463748 0.688933958715572 0.745795792832635 0.790123502441687 0.811610695927769 0.842387271031928 0.86439707701256 0.881073520544574 0.890736910276755 0.892193959941487
10 0.356085033281685 0.495212400699011 0.5943650389637 0.668661024261573 0.726231061329276 0.771917598797697 0.794420811716151 0.82721260909378 0.848751910159853 0.865427948518326 0.875986434336467 0.877717780347721
20 0.341605610393671 0.476880748373918 0.574583881926114 0.648963551104205 0.707672390921646 0.755260514632047 0.779149657763735 0.814679035057522 0.83578213142998 0.852459605878233 0.863889029856971 0.865891518900395
25 0.336958175273812 0.471008582443367 0.568274450604821 0.642728645165852 0.701872879542443 0.750165458331142 0.774566410937968 0.811110353010629 0.832078446290979 0.848751743635116 0.860445766695328 0.862532317303204
30 0.333170875247309 0.466225125347136 0.563141484252073 0.63766983429261 0.697190142034233 0.746086916273912 0.770927039103183 0.808343723575545 0.829203166061391 0.845870660473891 0.857773706446363 0.859927426576472
50 0.322622953838642 0.452904869811531 0.548870211114946 0.623657073202817 0.684313308464702 0.735023739357663 0.761185331387992 0.801241364437009 0.821803473038106 0.838441644085453 0.850892729271334 0.853226623215092
100 0.322622953838642 0.452904869811531 0.548870211114946 0.623657073202817 0.684313308464702 0.735023739357663 0.761185331387992 0.801241364437009 0.821803473038106 0.838441644085453 0.850892729271334 0.853226623215092
