"A = 6km^2" "0.25" "0.5" "1" "2" "4" "8" "12" "24" "48" "96" "192" "216"
0.5 0.874414464663539 0.897507626624276 0.916313392913305 0.931656654453751 0.944187688224964 0.954428081109224 0.959528434885072 0.966970102677684 0.97304880409167 0.978008902957854 0.982018784891342 0.982622641479515
1 0.874190273163531 0.897265032640153 0.916053974518187 0.931381941211876 0.943899150878963 0.954127124933419 0.959220838288753 0.966652174121887 0.972728740961379 0.977684637734633 0.981685582723011 0.982287102823438
2 0.87391426448781 0.896990612001906 0.915782465784546 0.931114274960197 0.943635951802747 0.953868776322314 0.958965426238961 0.966401841904105 0.972476801519062 0.977432788296314 0.981436870883965 0.98203938388669
5 0.873496070621316 0.896592870796235 0.915407714900431 0.930764194610107 0.943311548343055 0.953570517505185 0.958682500058222 0.966144939216092 0.972217860551319 0.977176241608955 0.981191186983027 0.981796832606921
10 0.873150032867614 0.896271394853886 0.915113510615403 0.930499175729879 0.943076998082546 0.953367210124317 0.958497657516436 0.965991738545192 0.972062972228999 0.97702341643745 0.981047818653819 0.981656202176381
20 0.872783826324926 0.895935257150572 0.914810819678146 0.93023244100086 0.942848040636784 0.953177294856115 0.958330980788329 0.965865201825036 0.971934570449252 0.976896742309794 0.980930237046622 0.981541314665609
25 0.872662181566046 0.895824242178093 0.914711655055225 0.930146057096531 0.942775138115905 0.953118389116503 0.958280439711746 0.965829173049829 0.971897903689288 0.976860524095319 0.980896769998609 0.981508681334154
30 0.872561537364805 0.895732585271353 0.914630028244802 0.93007526303805 0.942715789554659 0.953070945821204 0.958240122687895 0.965801241654236 0.971869438199904 0.976832381817907 0.980870798713683 0.981483375838181
50 0.872273890369999 0.895471435020234 0.914398503945079 0.929875808686552 0.942550308299461 0.952940906283501 0.958131351620211 0.965729537507585 0.971796180685373 0.976759815554317 0.980803918553009 0.981418280150775
100 0.872273890369999 0.895471435020234 0.914398503945079 0.929875808686552 0.942550308299461 0.952940906283501 0.958131351620211 0.965729537507585 0.971796180685373 0.976759815554317 0.980803918553009 0.981418280150775
