"A = 99km^2" "0.25" "0.5" "1" "2" "4" "8" "12" "24" "48" "96" "192" "216"
0.5 0.680183535232523 0.761604917958144 0.82000002519703 0.863625064535926 0.897050470493184 0.923083637116728 0.935653004010683 0.953538385772007 0.967407646022508 0.97778688094875 0.983264236867358 0.984018282585506
1 0.669305355103416 0.748826837176775 0.805656086027301 0.847958811302126 0.880255016077318 0.905320079831595 0.917388607201736 0.934517602185763 0.948102163925695 0.958121437089097 0.963035931076448 0.963647673752535
2 0.656489405055283 0.734897663111485 0.791090434237622 0.833049396370957 0.865191569104451 0.890228594574451 0.902321629222707 0.919540919996439 0.932905748178864 0.9428477332329 0.947936932293655 0.948608615004434
5 0.637841554304945 0.715420644370522 0.77159890770824 0.814041527365529 0.846985277173845 0.873027986367302 0.88577201596405 0.904171144799122 0.917287016298167 0.92728915921283 0.933021756018024 0.933883285589681
10 0.622967101068457 0.700186430127981 0.756730548849235 0.799998784554726 0.834075448708473 0.861461111490522 0.875060464535535 0.895005573624964 0.907944503991815 0.918020897878106 0.924318035935768 0.925345588252418
20 0.607700580901599 0.684685588253117 0.74179335294732 0.786148714359264 0.821678744235158 0.850783712557595 0.865483553164784 0.88743523266026 0.900199599860381 0.910338597194886 0.917179796957067 0.918370747949105
25 0.602729740183557 0.679656089841653 0.736974821498763 0.78172190577475 0.817773675107854 0.847498151446761 0.862596563768696 0.885279730980416 0.897987944061774 0.908142101201981 0.915148052432361 0.916389572850669
30 0.598653281448299 0.675535948875149 0.733035336529984 0.778114865718175 0.814609536491231 0.844861170196898 0.860299602815705 0.883608673061423 0.89627097030355 0.906435379861239 0.913571366734621 0.914853271889671
50 0.587177638751398 0.663952553940221 0.721990093224165 0.768051464906634 0.805856993069647 0.837676230572196 0.85413037768789 0.879318812868556 0.891852243179441 0.90203451390169 0.909511152036038 0.910901301644662
100 0.587177638751398 0.663952553940221 0.721990093224165 0.768051464906634 0.805856993069647 0.837676230572196 0.85413037768789 0.879318812868556 0.891852243179441 0.90203451390169 0.909511152036038 0.910901301644662
