"A = 180km^2" "0.25" "0.5" "1" "2" "4" "8" "12" "24" "48" "96" "192" "216"
0.5 0.617557565696336 0.71723192449644 0.787994063519844 0.840436331202118 0.880361470481989 0.911295401612532 0.926177574021419 0.947289685379325 0.963610972582199 0.975768242131678 0.982080392470938 0.982944893880165
1 0.605589046615006 0.702664660169522 0.77132390586414 0.822015399113832 0.860462591310797 0.890141779878823 0.904379375649041 0.924524205316871 0.940443647162842 0.95212565109744 0.957742477079674 0.958433647665528
2 0.591620216567194 0.686909991783719 0.754504798249665 0.804572130001923 0.842680049534307 0.87220985368839 0.886422285014 0.906599004799405 0.922207360337723 0.933762987308751 0.93957594555366 0.940337670523477
5 0.571468434188645 0.665047597907889 0.732145371172639 0.782454576413652 0.82127686535394 0.851827722097563 0.866733687924724 0.888203321507367 0.90346427781312 0.915057841101136 0.921630582160685 0.922619192993612
10 0.555518000237742 0.648065747351797 0.715193023459175 0.766198997390261 0.806163046752632 0.838161024896869 0.854015928211411 0.87723328828659 0.892252901596241 0.903915162913999 0.911158602690887 0.912346078269571
20 0.539251353514122 0.630885096554458 0.698247496645488 0.750235205320611 0.79170067359634 0.825577292170692 0.842666044319449 0.868172544520882 0.882958716998579 0.894679190690251 0.902570149554869 0.903953495142375
25 0.533976816770067 0.625331173220119 0.692798857102955 0.745147007441217 0.787155327079658 0.821711725831093 0.839248895793465 0.865592680747417 0.880304644474257 0.892038474475594 0.900125633101041 0.901569615945133
30 0.529659210189511 0.620788827485159 0.688350559033444 0.741006104239069 0.783476078810578 0.81861156090032 0.836531653476735 0.863592635083391 0.878244209536978 0.889986585133226 0.898228625832767 0.899721038348677
50 0.517542557838144 0.608053785999424 0.675908899658959 0.729477094115244 0.773315887872475 0.810175361932174 0.829240659687391 0.858458213241692 0.872941566033429 0.8846956862946 0.893343532497423 0.894965769789814
100 0.517542557838144 0.608053785999424 0.675908899658959 0.729477094115244 0.773315887872475 0.810175361932174 0.829240659687391 0.858458213241692 0.872941566033429 0.8846956862946 0.893343532497423 0.894965769789814
