"A = 46km^2" "0.25" "0.5" "1" "2" "4" "8" "12" "24" "48" "96" "192" "216"
0.5 0.747814052274939 0.809303424167503 0.854185583376365 0.888169769726147 0.914482879302535 0.935148917971047 0.94518354191356 0.959529892299047 0.970727319206458 0.979198461956735 0.983917386464365 0.984576710807171
1 0.739090039946728 0.79938552537696 0.843258081960662 0.876373088372956 0.901932482292546 0.921943969441492 0.931636845141063 0.945462775683009 0.956490082048104 0.964723882303037 0.969038251790661 0.969593830498848
2 0.728687596569505 0.788464207750133 0.832069631004928 0.865073849107021 0.890624123304188 0.910693533635737 0.92044168108151 0.93438653721348 0.94528316300513 0.953481804847206 0.957932030703762 0.958532383144955
5 0.713383741216708 0.77304286977762 0.816970401165616 0.850567625627703 0.876883035750872 0.897825692819156 0.908116429803674 0.923019580690232 0.933764797973731 0.942030051174179 0.946961022119007 0.94770168829774
10 0.701054524606187 0.760872773199276 0.805361931614141 0.839779042576195 0.867087426459152 0.889140294789455 0.900118583929266 0.916241039839122 0.926874964158997 0.935208227680229 0.940558912886295 0.941422087213562
20 0.68829532059854 0.748398017526167 0.793624038496005 0.829079554730814 0.857638838014848 0.881096665499397 0.892951207421215 0.910642276323897 0.921163320371239 0.929553736789684 0.935308309094014 0.936291990303298
25 0.684118456767584 0.744330951649342 0.789821648214277 0.825647467916627 0.85465369544495 0.878616141760825 0.890787095210166 0.909048141499801 0.91953228790287 0.927937024935365 0.933813838883896 0.93483480708344
30 0.680684971927813 0.740992199639073 0.786707204728804 0.822846556321581 0.852231833208779 0.876623369305661 0.88906403678045 0.907812284600844 0.918266069195256 0.926680807472412 0.932654091791022 0.933704835289031
50 0.670980078511742 0.731571814505972 0.777947787989764 0.815011387849783 0.845517965601866 0.871184825493316 0.884430505871909 0.90463965171083 0.915007385175426 0.923441588193592 0.929667559852618 0.930798103455509
100 0.670980078511742 0.731571814505972 0.777947787989764 0.815011387849783 0.845517965601866 0.871184825493316 0.884430505871909 0.90463965171083 0.915007385175426 0.923441588193592 0.929667559852618 0.930798103455509
