"A = 9.4km^2" "0.25" "0.5" "1" "2" "4" "8" "12" "24" "48" "96" "192" "216"
0.5 0.851984239865158 0.882037630233731 0.905577263920671 0.924310133750687 0.939351862020768 0.951495384633195 0.957498076559232 0.9662048026476 0.973207399550469 0.97878059526843 0.982812349914373 0.983408261903113
1 0.849632857862999 0.879473296445172 0.902821732625316 0.921382881904529 0.936270793142506 0.948277134180046 0.954206845646062 0.962800538598823 0.969777010373194 0.975303082061328 0.979239195348924 0.979810158291451
2 0.846758330662254 0.876589686092477 0.899951698931288 0.918541447492422 0.933467898990014 0.945519085574715 0.951476839990759 0.960120071702394 0.967076760783472 0.972602176490096 0.976572088326115 0.977153777618628
5 0.842431258703259 0.872434252823482 0.896009953586276 0.914840337942246 0.930024039421903 0.94234150704291 0.94845683492229 0.957369250585862 0.964301469882286 0.969850896273661 0.973937451952974 0.974552811619792
10 0.838871952116738 0.869093322483317 0.892929696706046 0.912049451030299 0.927541804848104 0.94018020907577 0.946486742535373 0.955728833181751 0.962641399807706 0.968211955325854 0.972400015379206 0.973044780128128
20 0.835123904139723 0.865615405504198 0.889772745192356 0.909249633431989 0.925125126014828 0.938165105660623 0.944712680668881 0.954373923723564 0.961265208569473 0.966853465668693 0.971139107448524 0.971812799371348
25 0.833882940499174 0.864470063614834 0.88874107480632 0.908344809866663 0.924356951921339 0.937540876606245 0.944175238495611 0.953988140622543 0.960872219672467 0.966465051154421 0.97078021742089 0.971462860234257
30 0.832857698218722 0.863525641387651 0.887892795056037 0.907603969772626 0.923732066801865 0.93703839669017 0.943746695150276 0.953689061335337 0.960567130777595 0.966163245304239 0.970501709583537 0.971191500154561
50 0.829934758628235 0.860840634909053 0.885491270193285 0.905520030951754 0.92199192850159 0.935662433393862 0.942591356297432 0.952921279253035 0.959781967598149 0.965385023891784 0.96978450791391 0.970493455313175
100 0.829934758628235 0.860840634909053 0.885491270193285 0.905520030951754 0.92199192850159 0.935662433393862 0.942591356297432 0.952921279253035 0.959781967598149 0.965385023891784 0.96978450791391 0.970493455313175
