"A = 6.8km^2" "0.25" "0.5" "1" "2" "4" "8" "12" "24" "48" "96" "192" "216"
0.5 0.868426859513371 0.893387462300652 0.913463759299504 0.929717108308722 0.94292253317196 0.953674362773076 0.959017307473594 0.96679923258318 0.973125581191543 0.978248797570469 0.982258262951588 0.982858928030247
1 0.867598647654898 0.892489429804493 0.91250221704982 0.928698024619431 0.941851570674399 0.952556888497569 0.957874997881723 0.965618330020092 0.971936446560622 0.977043859015335 0.98102014337727 0.981612138066738
2 0.866581013131457 0.891475259276721 0.911497218211678 0.927706125192115 0.940875393959803 0.951598063264226 0.956926760822559 0.964688504899915 0.971000412736663 0.976108010590689 0.980095974732659 0.980691667418978
5 0.865041944163122 0.890007697521392 0.910111985245513 0.92641030278279 0.939673268700773 0.950491751020595 0.955876771559779 0.963734274657911 0.97003836605597 0.97515470763788 0.979183057363694 0.979790398680561
10 0.863770535142344 0.888823283869948 0.909025887152313 0.925430404810534 0.93880486240777 0.949738091579733 0.955191074144441 0.963165231513992 0.96946290749619 0.974586823917535 0.978650326332504 0.97926784604412
20 0.862426892743744 0.887586377282001 0.907909657471364 0.924445058618284 0.937957784773003 0.949034448832456 0.954572999564561 0.962695228003982 0.968985854725911 0.974116114974914 0.978213414141388 0.978840948597974
25 0.861980973638279 0.887178196464911 0.907544224044531 0.92412613570431 0.937688195429768 0.948816278153224 0.954385630825982 0.962561403997893 0.968849626244871 0.97398153155402 0.978089056585591 0.978719690109878
30 0.861612186376913 0.88684131132764 0.907243511951464 0.92386483706529 0.937468773939517 0.948640588558111 0.954236182624659 0.962457656611742 0.968743868049036 0.973876957542825 0.977992551942786 0.978625660292958
50 0.860558902072308 0.88588203727492 0.906391026801001 0.923128981888823 0.936857180245155 0.948159160180514 0.953833067427556 0.962191321269979 0.968471693470772 0.973607308247926 0.977744037245301 0.97838377862521
100 0.860558902072308 0.88588203727492 0.906391026801001 0.923128981888823 0.936857180245155 0.948159160180514 0.953833067427556 0.962191321269979 0.968471693470772 0.973607308247926 0.977744037245301 0.97838377862521
