"A = 11.2km^2" "0.25" "0.5" "1" "2" "4" "8" "12" "24" "48" "96" "192" "216"
0.5 0.842484420842529 0.875459069599737 0.900984358633071 0.92113806868416 0.937231425798453 0.950171423740338 0.956551471385171 0.96578682808296 0.973177852259122 0.979012239140763 0.983070834942107 0.983666391557833
1 0.839334678185112 0.872012311896302 0.897272777131164 0.917189765157642 0.933071832761056 0.945823933989596 0.952104222201936 0.961185350917839 0.968539198837011 0.974308654475836 0.978237902607346 0.978799756345398
2 0.835494742043145 0.868145366966437 0.893414258714994 0.913362844662155 0.929291789321551 0.942100536933711 0.948416830929969 0.95756221621411 0.964887857443184 0.970655487034137 0.974630460630042 0.975206853773584
5 0.829729074023077 0.862585411475328 0.888125171677946 0.908386054032542 0.924653007943455 0.937814209856786 0.944339893820499 0.953843985086416 0.961135043412221 0.966934184291558 0.97106693739452 0.97168890262975
10 0.82499735969071 0.858124459077776 0.883999484668762 0.90463893927395 0.92131357125588 0.934901239306887 0.941681867885042 0.951626664949633 0.958890257373537 0.964717399753378 0.968987450824905 0.969649206181042
20 0.820024370840018 0.853488564994256 0.879777398892748 0.900884606615807 0.918065665513135 0.932187319500119 0.939289595518387 0.949795260321989 0.957029339015061 0.96287994559049 0.967281987879565 0.967982883701457
25 0.818379914988299 0.851963585955152 0.878398990498292 0.89967231072828 0.917033967519365 0.931347031075828 0.938565134924524 0.949273804845972 0.956497930128855 0.962354587254185 0.966796564932585 0.96750957155968
30 0.817022083413155 0.850706745471057 0.877266094433901 0.898680081481359 0.916194960719736 0.930670779355927 0.937987561678937 0.948869545220127 0.956085381705597 0.961946373313889 0.966419864314692 0.967142541962529
50 0.813154665361142 0.8471365515675 0.874061148017881 0.895890717210488 0.913859715137324 0.92881965573106 0.936430877808099 0.947831749188773 0.955023665474279 0.960893773342718 0.965449800726288 0.966198397498779
100 0.813154665361142 0.8471365515675 0.874061148017881 0.895890717210488 0.913859715137324 0.92881965573106 0.936430877808099 0.947831749188773 0.955023665474279 0.960893773342718 0.965449800726288 0.966198397498779
