"A = 9.8km^2" "0.25" "0.5" "1" "2" "4" "8" "12" "24" "48" "96" "192" "216"
0.5 0.849764164391016 0.880501540972918 0.904506155388269 0.923571789662331 0.938859850579176 0.951189971346382 0.957281083708464 0.966111696378403 0.973205207460447 0.978839368324522 0.982876538554438 0.983472220723166
1 0.847221162227316 0.877726033876716 0.901522241631137 0.920400910170234 0.935521639502545 0.947702627580062 0.953714439420662 0.962422283295179 0.969487131504017 0.975069990409341 0.979003498767371 0.979572146653779
2 0.844114415179394 0.874606674789603 0.898415730899128 0.9173240668426 0.932485583148046 0.944714425727405 0.950756271738342 0.959517294288705 0.966560427693727 0.972142400144436 0.976112548648507 0.976692829519353
5 0.83944060149264 0.87011391886485 0.894151170531036 0.913317849393621 0.928756327856111 0.941272341956257 0.947484278739677 0.956536058029847 0.96355238929384 0.969160207333458 0.973256794353325 0.973873577729455
10 0.835598187672557 0.866503554623637 0.890820080232544 0.910297986790654 0.926069165548483 0.9389316063105 0.945350099237914 0.95475823546792 0.961753098801911 0.967383711474196 0.971590324876222 0.972238984857422
20 0.831553884254044 0.862746692231441 0.887407265895034 0.907269376302828 0.92345360996886 0.93674958726364 0.94342852027883 0.953289835658154 0.960261494412466 0.965911204942445 0.97022359234509 0.97090361024844
25 0.830215234695012 0.861509817702852 0.886292239248217 0.906290805290007 0.922622352948595 0.936073731557185 0.942846439248775 0.952871738471859 0.959835547823437 0.965490191130322 0.969834581645792 0.970524302506993
30 0.829109435410507 0.860490039856911 0.885375514154839 0.905489652179319 0.921946199148196 0.935529722428269 0.942382319932047 0.952547607611466 0.959504872898239 0.965163054973362 0.969532699397117 0.970230168561862
50 0.825957552613143 0.857591380286253 0.882780668170958 0.90323638645229 0.920063514525423 0.934040169229481 0.941131152495834 0.951715514325245 0.958653862651731 0.964319518103614 0.968755304926508 0.969473540382413
100 0.825957552613143 0.857591380286253 0.882780668170958 0.90323638645229 0.920063514525423 0.934040169229481 0.941131152495834 0.951715514325245 0.958653862651731 0.964319518103614 0.968755304926508 0.969473540382413
